-8630 0
-8631 0
-8632 0
8633 0
8634 0
-8635 0
8636 0
8637 0
-8638 0
-8639 0
8640 0
8641 0
-8642 0
8643 0
8644 0
8645 0
8646 0
-8647 0
8648 0
8649 0
8650 0
8651 0
-8652 0
8653 0
-8654 0
8655 0
8656 0
8657 0
8658 0
-8659 0
-8660 0
-8661 0
8662 0
-8663 0
8664 0
-8665 0
-8666 0
-8667 0
-8668 0
8669 0
8670 0
-8671 0
-8672 0
-8673 0
8674 0
8675 0
-8676 0
8677 0
8678 0
8679 0
-8680 0
8681 0
-8682 0
-8683 0
8684 0
8685 0
-8686 0
8687 0
8688 0
8689 0
-8690 0
-8691 0
8692 0
-8693 0
-8694 0
-8695 0
8696 0
8697 0
-8698 0
-8699 0
-8700 0
8701 0
8702 0
-8703 0
8704 0
-8705 0
8706 0
-8707 0
8708 0
-8709 0
8710 0
-8711 0
8712 0
8713 0
-8714 0
8715 0
-8716 0
-8717 0
8718 0
-8719 0
-8720 0
-8721 0
8722 0
8723 0
-8724 0
-8725 0
8726 0
8727 0
8728 0
8729 0
8730 0
-8731 0
-8732 0
-8733 0
-8734 0
8735 0
8736 0
8737 0
8738 0
-8739 0
8740 0
-8741 0
-8742 0
8743 0
-8744 0
8745 0
8746 0
-8747 0
-8748 0
8749 0
8750 0
-8751 0
8752 0
-8753 0
-8754 0
8755 0
8756 0
-8757 0
