7 -1.#IND
20 -1.#IND
25 -1.#IND
30 -1.#IND
38 -1.#IND
42 -1.#IND
50 -1.#IND
61 -1.#IND
63 -1.#IND
67 -1.#IND
73 -1.#IND
80 -1.#IND
81 -1.#IND
85 -1.#IND
91 -1.#IND
97 -1.#IND
103 0
110 0
112 0
116 0
118 0
124 0
128 0
134 0
140 0
143 0
147 0
150 0
151 0
154 0
155 0
158 0
162 0
163 0
164 0
167 0
168 0
170 0
171 0
175 0
176 0
177 0
179 0
180 0
181 0
182 0
183 0
186 0
187 0
188 0
189 0
190 0
191 0
192 0
193 0
194 0
195 0
196 0
197 0
198 0
200 0
204 0
207 0
208 0
216 0
220 0
226 0
233 0
240 0
247 0
256 0
260 0
265 0
267 0
271 0
273 0
278 0
281 0
283 0
288 0
304 0
314 0
319 0
330 0
339 0
347 0
364 0
378 0
384 0
395 0
408 0
410 0
419 0
421 0
425 0
434 0
443 0
448 0
455 0
468 0
481 0
489 0
503 0
523 0
541 0
561 0
586 0
598 0
610 0
628 0
636 0
647 0
655 0
667 0
682 0
702 0
710 0
723 0
730 0
738 0
747 0
757 0
763 0
775 0
787 0
795 0
802 0
807 0
809 0
818 0
831 0
835 0
839 0
847 0
853 0
860 0
870 0
880 0
891 0
901 0
910 0
7 -1.#IND
20 -1.#IND
25 -1.#IND
30 -1.#IND
38 -1.#IND
42 -1.#IND
50 -1.#IND
61 -1.#IND
63 -1.#IND
67 -1.#IND
73 -1.#IND
80 -1.#IND
81 -1.#IND
85 -1.#IND
91 -1.#IND
97 -1.#IND
103 0
110 0
112 0
116 0
118 0
124 0
128 0
134 0
140 0
143 0
147 0
150 0
151 0
154 0
155 0
158 0
162 0
163 0
164 0
167 0
168 0
170 0
171 0
175 0
176 0
177 0
179 0
180 0
181 0
182 0
183 0
186 0
187 0
188 0
189 0
190 0
191 0
192 0
193 0
194 0
195 0
196 0
197 0
198 0
200 0
204 0
207 0
208 0
216 0
220 0
226 0
233 0
240 0
247 0
256 0
260 0
265 0
267 0
271 0
273 0
278 0
281 0
283 0
288 0
304 0
314 0
319 0
330 0
339 0
347 0
364 0
378 0
384 0
395 0
408 0
410 0
419 0
421 0
425 0
434 0
443 0
448 0
455 0
468 0
481 0
489 0
503 0
523 0
541 0
561 0
586 0
598 0
610 0
628 0
636 0
647 0
655 0
667 0
682 0
702 0
710 0
723 0
730 0
738 0
747 0
757 0
763 0
775 0
787 0
795 0
802 0
807 0
809 0
818 0
831 0
835 0
839 0
847 0
853 0
860 0
870 0
880 0
891 0
901 0
910 0
7 -1.#IND
20 -1.#IND
25 -1.#IND
30 -1.#IND
38 -1.#IND
42 -1.#IND
50 -1.#IND
61 -1.#IND
63 -1.#IND
67 -1.#IND
73 -1.#IND
80 -1.#IND
81 -1.#IND
85 -1.#IND
91 -1.#IND
97 -1.#IND
103 0
110 0
112 0
116 0
118 0
124 0
128 0
134 0
140 0
143 0
147 0
150 0
151 0
154 0
155 0
158 0
162 0
163 0
164 0
167 0
168 0
170 0
171 0
175 0
176 0
177 0
179 0
180 0
181 0
182 0
183 0
186 0
187 0
188 0
189 0
190 0
191 0
192 0
193 0
194 0
195 0
196 0
197 0
198 0
200 0
204 0
207 0
208 0
216 0
220 0
226 0
233 0
240 0
247 0
256 0
260 0
265 0
267 0
271 0
273 0
278 0
281 0
283 0
288 0
304 0
314 0
319 0
330 0
339 0
347 0
364 0
378 0
384 0
395 0
408 0
410 0
419 0
421 0
425 0
434 0
443 0
448 0
455 0
468 0
481 0
489 0
503 0
523 0
541 0
561 0
586 0
598 0
610 0
628 0
636 0
647 0
655 0
667 0
682 0
702 0
710 0
723 0
730 0
738 0
747 0
757 0
763 0
775 0
787 0
795 0
802 0
807 0
809 0
818 0
831 0
835 0
839 0
847 0
853 0
860 0
870 0
880 0
891 0
901 0
910 0
