p dnf 32 6
c literals_count 192
c min_var_num 9
c max_var_num 152
c activity_order 9 12 27 36 37 51 52 54 63 64 65 78 79 80 90 91 92 96 105 120 122 123 132 133 136 138 144 146 147 148 149 152 0
9 -12 -27 -36 -37 -51 -52 -54 63 64 65 -78 -79 -80 -90 -91 -92 -96 -105 -120 -122 -123 -132 133 -136 -138 144 -146 147 -148 -149 -152 0
9 -12 -27 -36 -37 -51 -52 -54 63 64 65 -78 -79 -80 -90 -91 -92 -96 -105 -120 122 -123 -132 133 -136 -138 144 -146 147 -148 -149 -152 0
9 -12 -27 -36 -37 -51 -52 -54 63 64 65 -78 -79 -80 -90 -91 -92 -96 -105 -120 -122 -123 -132 133 136 -138 144 -146 147 -148 -149 -152 0
9 -12 -27 -36 -37 -51 -52 -54 63 64 65 -78 -79 -80 -90 -91 -92 -96 -105 -120 122 -123 -132 133 136 -138 144 -146 147 -148 -149 -152 0
9 -12 -27 -36 -37 -51 -52 -54 63 64 65 -78 -79 -80 -90 -91 -92 -96 -105 -120 -122 -123 -132 133 -136 -138 -144 146 147 -148 -149 -152 0
9 -12 -27 -36 -37 -51 -52 -54 63 64 65 -78 -79 -80 -90 -91 -92 -96 -105 -120 122 -123 -132 133 -136 -138 -144 146 147 -148 -149 -152 0
