778 779 0
778 -5 17 29 30 36 46 -48 57 -60 -61 -62 -63 -72 -85 102 104 111 -114 -123 127 128 -138 -139 140 -143 -144 -147 151 153 -154 156 158 -164 -169 174 578 579 -580 -581 -582 -583 -584 585 586 587 -588 589 -590 591 -592 593 -594 595 596 597 -598 -599 -600 601 602 -603 -604 -605 606 607 608 609 610 611 612 -613 -614 615 -616 -617 -618 619 620 621 -622 623 -624 625 -626 627 628 629 -630 631 -632 -633 -634 -635 -636 -637 638 -639 -640 -641 642 643 644 645 -646 -647 648 649 650 651 -652 653 -654 -655 -656 -657 -658 -659 -660 661 662 663 -664 -665 -666 667 668 -669 670 -671 672 673 674 -675 676 677 -678 679 -680 681 682 683 684 -685 686 -687 -688 -689 690 691 692 693 694 -695 -696 697 698 -699 -700 701 702 703 704 -705 -706 707 708 -709 710 -711 712 713 714 715 716 717 718 -719 -720 -721 -722 -723 724 -725 726 727 728 729 730 731 732 -733 734 -735 -736 737 -738 739 740 741 742 -743 744 745 746 -747 -748 749 750 751 752 -753 754 -755 756 757 758 759 760 761 -762 -763 -764 765 766 -767 768 769 770 771 772 773 774 -775 -776 777 0
-778 5 0
-778 -17 0
-778 -29 0
-778 -30 0
-778 -36 0
-778 -46 0
-778 48 0
-778 -57 0
-778 60 0
-778 61 0
-778 62 0
-778 63 0
-778 72 0
-778 85 0
-778 -102 0
-778 -104 0
-778 -111 0
-778 114 0
-778 123 0
-778 -127 0
-778 -128 0
-778 138 0
-778 139 0
-778 -140 0
-778 143 0
-778 144 0
-778 147 0
-778 -151 0
-778 -153 0
-778 154 0
-778 -156 0
-778 -158 0
-778 164 0
-778 169 0
-778 -174 0
-778 -578 0
-778 -579 0
-778 580 0
-778 581 0
-778 582 0
-778 583 0
-778 584 0
-778 -585 0
-778 -586 0
-778 -587 0
-778 588 0
-778 -589 0
-778 590 0
-778 -591 0
-778 592 0
-778 -593 0
-778 594 0
-778 -595 0
-778 -596 0
-778 -597 0
-778 598 0
-778 599 0
-778 600 0
-778 -601 0
-778 -602 0
-778 603 0
-778 604 0
-778 605 0
-778 -606 0
-778 -607 0
-778 -608 0
-778 -609 0
-778 -610 0
-778 -611 0
-778 -612 0
-778 613 0
-778 614 0
-778 -615 0
-778 616 0
-778 617 0
-778 618 0
-778 -619 0
-778 -620 0
-778 -621 0
-778 622 0
-778 -623 0
-778 624 0
-778 -625 0
-778 626 0
-778 -627 0
-778 -628 0
-778 -629 0
-778 630 0
-778 -631 0
-778 632 0
-778 633 0
-778 634 0
-778 635 0
-778 636 0
-778 637 0
-778 -638 0
-778 639 0
-778 640 0
-778 641 0
-778 -642 0
-778 -643 0
-778 -644 0
-778 -645 0
-778 646 0
-778 647 0
-778 -648 0
-778 -649 0
-778 -650 0
-778 -651 0
-778 652 0
-778 -653 0
-778 654 0
-778 655 0
-778 656 0
-778 657 0
-778 658 0
-778 659 0
-778 660 0
-778 -661 0
-778 -662 0
-778 -663 0
-778 664 0
-778 665 0
-778 666 0
-778 -667 0
-778 -668 0
-778 669 0
-778 -670 0
-778 671 0
-778 -672 0
-778 -673 0
-778 -674 0
-778 675 0
-778 -676 0
-778 -677 0
-778 678 0
-778 -679 0
-778 680 0
-778 -681 0
-778 -682 0
-778 -683 0
-778 -684 0
-778 685 0
-778 -686 0
-778 687 0
-778 688 0
-778 689 0
-778 -690 0
-778 -691 0
-778 -692 0
-778 -693 0
-778 -694 0
-778 695 0
-778 696 0
-778 -697 0
-778 -698 0
-778 699 0
-778 700 0
-778 -701 0
-778 -702 0
-778 -703 0
-778 -704 0
-778 705 0
-778 706 0
-778 -707 0
-778 -708 0
-778 709 0
-778 -710 0
-778 711 0
-778 -712 0
-778 -713 0
-778 -714 0
-778 -715 0
-778 -716 0
-778 -717 0
-778 -718 0
-778 719 0
-778 720 0
-778 721 0
-778 722 0
-778 723 0
-778 -724 0
-778 725 0
-778 -726 0
-778 -727 0
-778 -728 0
-778 -729 0
-778 -730 0
-778 -731 0
-778 -732 0
-778 733 0
-778 -734 0
-778 735 0
-778 736 0
-778 -737 0
-778 738 0
-778 -739 0
-778 -740 0
-778 -741 0
-778 -742 0
-778 743 0
-778 -744 0
-778 -745 0
-778 -746 0
-778 747 0
-778 748 0
-778 -749 0
-778 -750 0
-778 -751 0
-778 -752 0
-778 753 0
-778 -754 0
-778 755 0
-778 -756 0
-778 -757 0
-778 -758 0
-778 -759 0
-778 -760 0
-778 -761 0
-778 762 0
-778 763 0
-778 764 0
-778 -765 0
-778 -766 0
-778 767 0
-778 -768 0
-778 -769 0
-778 -770 0
-778 -771 0
-778 -772 0
-778 -773 0
-778 -774 0
-778 775 0
-778 776 0
-778 -777 0
779 5 17 29 -30 36 46 48 -57 -60 -61 62 -63 -72 85 102 -104 111 114 123 -127 128 138 -139 140 143 -144 -147 151 -153 154 -156 -158 -164 -169 -174 578 579 -580 -581 582 -583 584 585 -586 -587 -588 589 590 591 -592 -593 -594 595 -596 -597 598 599 -600 -601 602 -603 -604 605 -606 607 -608 609 -610 -611 -612 -613 -614 -615 616 -617 -618 -619 -620 -621 -622 -623 -624 -625 626 627 628 629 630 631 632 633 634 635 -636 637 -638 639 640 -641 642 -643 644 645 -646 647 648 -649 -650 651 -652 653 -654 -655 -656 657 658 -659 -660 661 -662 -663 664 665 666 -667 -668 -669 -670 -671 -672 -673 674 675 676 -677 -678 -679 680 681 -682 683 -684 685 -686 687 -688 689 690 -691 692 -693 -694 695 696 697 698 699 -700 -701 702 703 704 705 706 -707 -708 -709 -710 -711 -712 713 -714 -715 716 -717 718 -719 720 -721 722 -723 -724 -725 726 -727 728 729 730 731 -732 -733 -734 735 -736 -737 -738 739 -740 741 742 743 744 -745 746 -747 748 749 -750 -751 752 -753 754 -755 756 757 758 759 760 -761 762 -763 764 -765 -766 767 -768 769 -770 -771 772 -773 774 -775 776 777 0
-779 -5 0
-779 -17 0
-779 -29 0
-779 30 0
-779 -36 0
-779 -46 0
-779 -48 0
-779 57 0
-779 60 0
-779 61 0
-779 -62 0
-779 63 0
-779 72 0
-779 -85 0
-779 -102 0
-779 104 0
-779 -111 0
-779 -114 0
-779 -123 0
-779 127 0
-779 -128 0
-779 -138 0
-779 139 0
-779 -140 0
-779 -143 0
-779 144 0
-779 147 0
-779 -151 0
-779 153 0
-779 -154 0
-779 156 0
-779 158 0
-779 164 0
-779 169 0
-779 174 0
-779 -578 0
-779 -579 0
-779 580 0
-779 581 0
-779 -582 0
-779 583 0
-779 -584 0
-779 -585 0
-779 586 0
-779 587 0
-779 588 0
-779 -589 0
-779 -590 0
-779 -591 0
-779 592 0
-779 593 0
-779 594 0
-779 -595 0
-779 596 0
-779 597 0
-779 -598 0
-779 -599 0
-779 600 0
-779 601 0
-779 -602 0
-779 603 0
-779 604 0
-779 -605 0
-779 606 0
-779 -607 0
-779 608 0
-779 -609 0
-779 610 0
-779 611 0
-779 612 0
-779 613 0
-779 614 0
-779 615 0
-779 -616 0
-779 617 0
-779 618 0
-779 619 0
-779 620 0
-779 621 0
-779 622 0
-779 623 0
-779 624 0
-779 625 0
-779 -626 0
-779 -627 0
-779 -628 0
-779 -629 0
-779 -630 0
-779 -631 0
-779 -632 0
-779 -633 0
-779 -634 0
-779 -635 0
-779 636 0
-779 -637 0
-779 638 0
-779 -639 0
-779 -640 0
-779 641 0
-779 -642 0
-779 643 0
-779 -644 0
-779 -645 0
-779 646 0
-779 -647 0
-779 -648 0
-779 649 0
-779 650 0
-779 -651 0
-779 652 0
-779 -653 0
-779 654 0
-779 655 0
-779 656 0
-779 -657 0
-779 -658 0
-779 659 0
-779 660 0
-779 -661 0
-779 662 0
-779 663 0
-779 -664 0
-779 -665 0
-779 -666 0
-779 667 0
-779 668 0
-779 669 0
-779 670 0
-779 671 0
-779 672 0
-779 673 0
-779 -674 0
-779 -675 0
-779 -676 0
-779 677 0
-779 678 0
-779 679 0
-779 -680 0
-779 -681 0
-779 682 0
-779 -683 0
-779 684 0
-779 -685 0
-779 686 0
-779 -687 0
-779 688 0
-779 -689 0
-779 -690 0
-779 691 0
-779 -692 0
-779 693 0
-779 694 0
-779 -695 0
-779 -696 0
-779 -697 0
-779 -698 0
-779 -699 0
-779 700 0
-779 701 0
-779 -702 0
-779 -703 0
-779 -704 0
-779 -705 0
-779 -706 0
-779 707 0
-779 708 0
-779 709 0
-779 710 0
-779 711 0
-779 712 0
-779 -713 0
-779 714 0
-779 715 0
-779 -716 0
-779 717 0
-779 -718 0
-779 719 0
-779 -720 0
-779 721 0
-779 -722 0
-779 723 0
-779 724 0
-779 725 0
-779 -726 0
-779 727 0
-779 -728 0
-779 -729 0
-779 -730 0
-779 -731 0
-779 732 0
-779 733 0
-779 734 0
-779 -735 0
-779 736 0
-779 737 0
-779 738 0
-779 -739 0
-779 740 0
-779 -741 0
-779 -742 0
-779 -743 0
-779 -744 0
-779 745 0
-779 -746 0
-779 747 0
-779 -748 0
-779 -749 0
-779 750 0
-779 751 0
-779 -752 0
-779 753 0
-779 -754 0
-779 755 0
-779 -756 0
-779 -757 0
-779 -758 0
-779 -759 0
-779 -760 0
-779 761 0
-779 -762 0
-779 763 0
-779 -764 0
-779 765 0
-779 766 0
-779 -767 0
-779 768 0
-779 -769 0
-779 770 0
-779 771 0
-779 -772 0
-779 773 0
-779 -774 0
-779 775 0
-779 -776 0
-779 -777 0
