778 779 780 781 782 783 784 785 786 787 0
778 -5 17 29 30 36 46 -48 57 -60 -61 -62 -63 -72 -85 102 104 111 -114 -123 127 128 -138 -139 140 -143 -144 -147 151 153 -154 156 158 -164 -169 174 578 579 -580 -581 -582 -583 -584 585 586 587 -588 589 -590 591 -592 593 -594 595 596 597 -598 -599 -600 601 602 -603 -604 -605 606 607 608 609 610 611 612 -613 -614 615 -616 -617 -618 619 620 621 -622 623 -624 625 -626 627 628 629 -630 631 -632 -633 -634 -635 -636 -637 638 -639 -640 -641 642 643 644 645 -646 -647 648 649 650 651 -652 653 -654 -655 -656 -657 -658 -659 -660 661 662 663 -664 -665 -666 667 668 -669 670 -671 672 673 674 -675 676 677 -678 679 -680 681 682 683 684 -685 686 -687 -688 -689 690 691 692 693 694 -695 -696 697 698 -699 -700 701 702 703 704 -705 -706 707 708 -709 710 -711 712 713 714 715 716 717 718 -719 -720 -721 -722 -723 724 -725 726 727 728 729 730 731 732 -733 734 -735 -736 737 -738 739 740 741 742 -743 744 745 746 -747 -748 749 750 751 752 -753 754 -755 756 757 758 759 760 761 -762 -763 -764 765 766 -767 768 769 770 771 772 773 774 -775 -776 777 0
-778 5 0
-778 -17 0
-778 -29 0
-778 -30 0
-778 -36 0
-778 -46 0
-778 48 0
-778 -57 0
-778 60 0
-778 61 0
-778 62 0
-778 63 0
-778 72 0
-778 85 0
-778 -102 0
-778 -104 0
-778 -111 0
-778 114 0
-778 123 0
-778 -127 0
-778 -128 0
-778 138 0
-778 139 0
-778 -140 0
-778 143 0
-778 144 0
-778 147 0
-778 -151 0
-778 -153 0
-778 154 0
-778 -156 0
-778 -158 0
-778 164 0
-778 169 0
-778 -174 0
-778 -578 0
-778 -579 0
-778 580 0
-778 581 0
-778 582 0
-778 583 0
-778 584 0
-778 -585 0
-778 -586 0
-778 -587 0
-778 588 0
-778 -589 0
-778 590 0
-778 -591 0
-778 592 0
-778 -593 0
-778 594 0
-778 -595 0
-778 -596 0
-778 -597 0
-778 598 0
-778 599 0
-778 600 0
-778 -601 0
-778 -602 0
-778 603 0
-778 604 0
-778 605 0
-778 -606 0
-778 -607 0
-778 -608 0
-778 -609 0
-778 -610 0
-778 -611 0
-778 -612 0
-778 613 0
-778 614 0
-778 -615 0
-778 616 0
-778 617 0
-778 618 0
-778 -619 0
-778 -620 0
-778 -621 0
-778 622 0
-778 -623 0
-778 624 0
-778 -625 0
-778 626 0
-778 -627 0
-778 -628 0
-778 -629 0
-778 630 0
-778 -631 0
-778 632 0
-778 633 0
-778 634 0
-778 635 0
-778 636 0
-778 637 0
-778 -638 0
-778 639 0
-778 640 0
-778 641 0
-778 -642 0
-778 -643 0
-778 -644 0
-778 -645 0
-778 646 0
-778 647 0
-778 -648 0
-778 -649 0
-778 -650 0
-778 -651 0
-778 652 0
-778 -653 0
-778 654 0
-778 655 0
-778 656 0
-778 657 0
-778 658 0
-778 659 0
-778 660 0
-778 -661 0
-778 -662 0
-778 -663 0
-778 664 0
-778 665 0
-778 666 0
-778 -667 0
-778 -668 0
-778 669 0
-778 -670 0
-778 671 0
-778 -672 0
-778 -673 0
-778 -674 0
-778 675 0
-778 -676 0
-778 -677 0
-778 678 0
-778 -679 0
-778 680 0
-778 -681 0
-778 -682 0
-778 -683 0
-778 -684 0
-778 685 0
-778 -686 0
-778 687 0
-778 688 0
-778 689 0
-778 -690 0
-778 -691 0
-778 -692 0
-778 -693 0
-778 -694 0
-778 695 0
-778 696 0
-778 -697 0
-778 -698 0
-778 699 0
-778 700 0
-778 -701 0
-778 -702 0
-778 -703 0
-778 -704 0
-778 705 0
-778 706 0
-778 -707 0
-778 -708 0
-778 709 0
-778 -710 0
-778 711 0
-778 -712 0
-778 -713 0
-778 -714 0
-778 -715 0
-778 -716 0
-778 -717 0
-778 -718 0
-778 719 0
-778 720 0
-778 721 0
-778 722 0
-778 723 0
-778 -724 0
-778 725 0
-778 -726 0
-778 -727 0
-778 -728 0
-778 -729 0
-778 -730 0
-778 -731 0
-778 -732 0
-778 733 0
-778 -734 0
-778 735 0
-778 736 0
-778 -737 0
-778 738 0
-778 -739 0
-778 -740 0
-778 -741 0
-778 -742 0
-778 743 0
-778 -744 0
-778 -745 0
-778 -746 0
-778 747 0
-778 748 0
-778 -749 0
-778 -750 0
-778 -751 0
-778 -752 0
-778 753 0
-778 -754 0
-778 755 0
-778 -756 0
-778 -757 0
-778 -758 0
-778 -759 0
-778 -760 0
-778 -761 0
-778 762 0
-778 763 0
-778 764 0
-778 -765 0
-778 -766 0
-778 767 0
-778 -768 0
-778 -769 0
-778 -770 0
-778 -771 0
-778 -772 0
-778 -773 0
-778 -774 0
-778 775 0
-778 776 0
-778 -777 0
779 5 17 29 -30 36 46 48 -57 -60 -61 62 -63 -72 85 102 -104 111 114 123 -127 128 138 -139 140 143 -144 -147 151 -153 154 -156 -158 -164 -169 -174 578 579 -580 -581 582 -583 584 585 -586 -587 -588 589 590 591 -592 -593 -594 595 -596 -597 598 599 -600 -601 602 -603 -604 605 -606 607 -608 609 -610 -611 -612 -613 -614 -615 616 -617 -618 -619 -620 -621 -622 -623 -624 -625 626 627 628 629 630 631 632 633 634 635 -636 637 -638 639 640 -641 642 -643 644 645 -646 647 648 -649 -650 651 -652 653 -654 -655 -656 657 658 -659 -660 661 -662 -663 664 665 666 -667 -668 -669 -670 -671 -672 -673 674 675 676 -677 -678 -679 680 681 -682 683 -684 685 -686 687 -688 689 690 -691 692 -693 -694 695 696 697 698 699 -700 -701 702 703 704 705 706 -707 -708 -709 -710 -711 -712 713 -714 -715 716 -717 718 -719 720 -721 722 -723 -724 -725 726 -727 728 729 730 731 -732 -733 -734 735 -736 -737 -738 739 -740 741 742 743 744 -745 746 -747 748 749 -750 -751 752 -753 754 -755 756 757 758 759 760 -761 762 -763 764 -765 -766 767 -768 769 -770 -771 772 -773 774 -775 776 777 0
-779 -5 0
-779 -17 0
-779 -29 0
-779 30 0
-779 -36 0
-779 -46 0
-779 -48 0
-779 57 0
-779 60 0
-779 61 0
-779 -62 0
-779 63 0
-779 72 0
-779 -85 0
-779 -102 0
-779 104 0
-779 -111 0
-779 -114 0
-779 -123 0
-779 127 0
-779 -128 0
-779 -138 0
-779 139 0
-779 -140 0
-779 -143 0
-779 144 0
-779 147 0
-779 -151 0
-779 153 0
-779 -154 0
-779 156 0
-779 158 0
-779 164 0
-779 169 0
-779 174 0
-779 -578 0
-779 -579 0
-779 580 0
-779 581 0
-779 -582 0
-779 583 0
-779 -584 0
-779 -585 0
-779 586 0
-779 587 0
-779 588 0
-779 -589 0
-779 -590 0
-779 -591 0
-779 592 0
-779 593 0
-779 594 0
-779 -595 0
-779 596 0
-779 597 0
-779 -598 0
-779 -599 0
-779 600 0
-779 601 0
-779 -602 0
-779 603 0
-779 604 0
-779 -605 0
-779 606 0
-779 -607 0
-779 608 0
-779 -609 0
-779 610 0
-779 611 0
-779 612 0
-779 613 0
-779 614 0
-779 615 0
-779 -616 0
-779 617 0
-779 618 0
-779 619 0
-779 620 0
-779 621 0
-779 622 0
-779 623 0
-779 624 0
-779 625 0
-779 -626 0
-779 -627 0
-779 -628 0
-779 -629 0
-779 -630 0
-779 -631 0
-779 -632 0
-779 -633 0
-779 -634 0
-779 -635 0
-779 636 0
-779 -637 0
-779 638 0
-779 -639 0
-779 -640 0
-779 641 0
-779 -642 0
-779 643 0
-779 -644 0
-779 -645 0
-779 646 0
-779 -647 0
-779 -648 0
-779 649 0
-779 650 0
-779 -651 0
-779 652 0
-779 -653 0
-779 654 0
-779 655 0
-779 656 0
-779 -657 0
-779 -658 0
-779 659 0
-779 660 0
-779 -661 0
-779 662 0
-779 663 0
-779 -664 0
-779 -665 0
-779 -666 0
-779 667 0
-779 668 0
-779 669 0
-779 670 0
-779 671 0
-779 672 0
-779 673 0
-779 -674 0
-779 -675 0
-779 -676 0
-779 677 0
-779 678 0
-779 679 0
-779 -680 0
-779 -681 0
-779 682 0
-779 -683 0
-779 684 0
-779 -685 0
-779 686 0
-779 -687 0
-779 688 0
-779 -689 0
-779 -690 0
-779 691 0
-779 -692 0
-779 693 0
-779 694 0
-779 -695 0
-779 -696 0
-779 -697 0
-779 -698 0
-779 -699 0
-779 700 0
-779 701 0
-779 -702 0
-779 -703 0
-779 -704 0
-779 -705 0
-779 -706 0
-779 707 0
-779 708 0
-779 709 0
-779 710 0
-779 711 0
-779 712 0
-779 -713 0
-779 714 0
-779 715 0
-779 -716 0
-779 717 0
-779 -718 0
-779 719 0
-779 -720 0
-779 721 0
-779 -722 0
-779 723 0
-779 724 0
-779 725 0
-779 -726 0
-779 727 0
-779 -728 0
-779 -729 0
-779 -730 0
-779 -731 0
-779 732 0
-779 733 0
-779 734 0
-779 -735 0
-779 736 0
-779 737 0
-779 738 0
-779 -739 0
-779 740 0
-779 -741 0
-779 -742 0
-779 -743 0
-779 -744 0
-779 745 0
-779 -746 0
-779 747 0
-779 -748 0
-779 -749 0
-779 750 0
-779 751 0
-779 -752 0
-779 753 0
-779 -754 0
-779 755 0
-779 -756 0
-779 -757 0
-779 -758 0
-779 -759 0
-779 -760 0
-779 761 0
-779 -762 0
-779 763 0
-779 -764 0
-779 765 0
-779 766 0
-779 -767 0
-779 768 0
-779 -769 0
-779 770 0
-779 771 0
-779 -772 0
-779 773 0
-779 -774 0
-779 775 0
-779 -776 0
-779 -777 0
780 -5 -17 -29 30 36 46 48 57 -60 -61 62 -63 72 -85 102 -104 -111 114 123 -127 128 -138 -139 140 143 144 -147 151 -153 -154 -156 158 164 -169 174 -578 -579 580 581 -582 -583 -584 585 586 -587 588 589 -590 591 -592 593 -594 595 -596 -597 -598 599 600 601 602 -603 -604 -605 606 607 -608 -609 -610 -611 -612 -613 -614 615 -616 617 618 619 620 621 -622 -623 -624 625 -626 627 -628 629 630 631 -632 633 -634 -635 636 637 -638 639 -640 641 -642 -643 644 645 -646 647 648 -649 -650 651 -652 653 654 655 -656 657 658 -659 660 -661 662 663 664 -665 666 -667 668 669 670 -671 -672 673 -674 -675 676 677 678 679 680 681 682 683 -684 685 686 687 688 -689 690 691 -692 693 -694 -695 696 697 698 -699 -700 701 -702 703 -704 -705 706 -707 -708 709 710 -711 712 713 714 -715 -716 717 718 719 720 -721 722 723 -724 -725 -726 -727 728 729 -730 -731 -732 733 -734 -735 736 737 738 -739 -740 741 742 743 -744 -745 -746 747 748 749 750 751 752 753 -754 755 -756 757 758 759 760 761 -762 763 764 -765 -766 -767 768 -769 -770 771 772 -773 774 775 -776 -777 0
-780 5 0
-780 17 0
-780 29 0
-780 -30 0
-780 -36 0
-780 -46 0
-780 -48 0
-780 -57 0
-780 60 0
-780 61 0
-780 -62 0
-780 63 0
-780 -72 0
-780 85 0
-780 -102 0
-780 104 0
-780 111 0
-780 -114 0
-780 -123 0
-780 127 0
-780 -128 0
-780 138 0
-780 139 0
-780 -140 0
-780 -143 0
-780 -144 0
-780 147 0
-780 -151 0
-780 153 0
-780 154 0
-780 156 0
-780 -158 0
-780 -164 0
-780 169 0
-780 -174 0
-780 578 0
-780 579 0
-780 -580 0
-780 -581 0
-780 582 0
-780 583 0
-780 584 0
-780 -585 0
-780 -586 0
-780 587 0
-780 -588 0
-780 -589 0
-780 590 0
-780 -591 0
-780 592 0
-780 -593 0
-780 594 0
-780 -595 0
-780 596 0
-780 597 0
-780 598 0
-780 -599 0
-780 -600 0
-780 -601 0
-780 -602 0
-780 603 0
-780 604 0
-780 605 0
-780 -606 0
-780 -607 0
-780 608 0
-780 609 0
-780 610 0
-780 611 0
-780 612 0
-780 613 0
-780 614 0
-780 -615 0
-780 616 0
-780 -617 0
-780 -618 0
-780 -619 0
-780 -620 0
-780 -621 0
-780 622 0
-780 623 0
-780 624 0
-780 -625 0
-780 626 0
-780 -627 0
-780 628 0
-780 -629 0
-780 -630 0
-780 -631 0
-780 632 0
-780 -633 0
-780 634 0
-780 635 0
-780 -636 0
-780 -637 0
-780 638 0
-780 -639 0
-780 640 0
-780 -641 0
-780 642 0
-780 643 0
-780 -644 0
-780 -645 0
-780 646 0
-780 -647 0
-780 -648 0
-780 649 0
-780 650 0
-780 -651 0
-780 652 0
-780 -653 0
-780 -654 0
-780 -655 0
-780 656 0
-780 -657 0
-780 -658 0
-780 659 0
-780 -660 0
-780 661 0
-780 -662 0
-780 -663 0
-780 -664 0
-780 665 0
-780 -666 0
-780 667 0
-780 -668 0
-780 -669 0
-780 -670 0
-780 671 0
-780 672 0
-780 -673 0
-780 674 0
-780 675 0
-780 -676 0
-780 -677 0
-780 -678 0
-780 -679 0
-780 -680 0
-780 -681 0
-780 -682 0
-780 -683 0
-780 684 0
-780 -685 0
-780 -686 0
-780 -687 0
-780 -688 0
-780 689 0
-780 -690 0
-780 -691 0
-780 692 0
-780 -693 0
-780 694 0
-780 695 0
-780 -696 0
-780 -697 0
-780 -698 0
-780 699 0
-780 700 0
-780 -701 0
-780 702 0
-780 -703 0
-780 704 0
-780 705 0
-780 -706 0
-780 707 0
-780 708 0
-780 -709 0
-780 -710 0
-780 711 0
-780 -712 0
-780 -713 0
-780 -714 0
-780 715 0
-780 716 0
-780 -717 0
-780 -718 0
-780 -719 0
-780 -720 0
-780 721 0
-780 -722 0
-780 -723 0
-780 724 0
-780 725 0
-780 726 0
-780 727 0
-780 -728 0
-780 -729 0
-780 730 0
-780 731 0
-780 732 0
-780 -733 0
-780 734 0
-780 735 0
-780 -736 0
-780 -737 0
-780 -738 0
-780 739 0
-780 740 0
-780 -741 0
-780 -742 0
-780 -743 0
-780 744 0
-780 745 0
-780 746 0
-780 -747 0
-780 -748 0
-780 -749 0
-780 -750 0
-780 -751 0
-780 -752 0
-780 -753 0
-780 754 0
-780 -755 0
-780 756 0
-780 -757 0
-780 -758 0
-780 -759 0
-780 -760 0
-780 -761 0
-780 762 0
-780 -763 0
-780 -764 0
-780 765 0
-780 766 0
-780 767 0
-780 -768 0
-780 769 0
-780 770 0
-780 -771 0
-780 -772 0
-780 773 0
-780 -774 0
-780 -775 0
-780 776 0
-780 777 0
781 -5 -17 -29 30 -36 46 48 57 -60 61 -62 -63 72 85 102 -104 111 114 123 -127 -128 -138 139 140 -143 144 147 151 153 -154 -156 -158 164 169 -174 578 579 580 581 582 -583 -584 585 -586 587 -588 -589 -590 -591 592 -593 -594 595 -596 -597 598 -599 600 601 602 -603 604 605 606 607 608 609 610 -611 -612 613 -614 -615 616 -617 618 619 -620 -621 622 623 -624 625 -626 -627 628 -629 630 631 632 633 634 -635 636 637 638 -639 -640 641 -642 643 -644 645 646 647 -648 -649 -650 651 -652 -653 654 655 -656 657 658 -659 660 -661 -662 -663 664 -665 -666 -667 668 -669 670 671 -672 -673 -674 675 676 677 678 679 680 -681 682 683 -684 685 -686 687 688 -689 -690 691 -692 693 -694 -695 -696 697 698 699 700 -701 702 -703 -704 -705 -706 707 708 709 710 -711 -712 713 -714 715 716 -717 718 719 -720 721 -722 -723 -724 725 726 727 728 -729 730 731 732 -733 -734 735 736 -737 738 739 740 741 742 -743 744 -745 -746 -747 748 -749 750 -751 752 -753 754 -755 -756 757 -758 -759 -760 -761 -762 -763 764 765 766 -767 -768 -769 770 -771 772 773 774 -775 -776 -777 0
-781 5 0
-781 17 0
-781 29 0
-781 -30 0
-781 36 0
-781 -46 0
-781 -48 0
-781 -57 0
-781 60 0
-781 -61 0
-781 62 0
-781 63 0
-781 -72 0
-781 -85 0
-781 -102 0
-781 104 0
-781 -111 0
-781 -114 0
-781 -123 0
-781 127 0
-781 128 0
-781 138 0
-781 -139 0
-781 -140 0
-781 143 0
-781 -144 0
-781 -147 0
-781 -151 0
-781 -153 0
-781 154 0
-781 156 0
-781 158 0
-781 -164 0
-781 -169 0
-781 174 0
-781 -578 0
-781 -579 0
-781 -580 0
-781 -581 0
-781 -582 0
-781 583 0
-781 584 0
-781 -585 0
-781 586 0
-781 -587 0
-781 588 0
-781 589 0
-781 590 0
-781 591 0
-781 -592 0
-781 593 0
-781 594 0
-781 -595 0
-781 596 0
-781 597 0
-781 -598 0
-781 599 0
-781 -600 0
-781 -601 0
-781 -602 0
-781 603 0
-781 -604 0
-781 -605 0
-781 -606 0
-781 -607 0
-781 -608 0
-781 -609 0
-781 -610 0
-781 611 0
-781 612 0
-781 -613 0
-781 614 0
-781 615 0
-781 -616 0
-781 617 0
-781 -618 0
-781 -619 0
-781 620 0
-781 621 0
-781 -622 0
-781 -623 0
-781 624 0
-781 -625 0
-781 626 0
-781 627 0
-781 -628 0
-781 629 0
-781 -630 0
-781 -631 0
-781 -632 0
-781 -633 0
-781 -634 0
-781 635 0
-781 -636 0
-781 -637 0
-781 -638 0
-781 639 0
-781 640 0
-781 -641 0
-781 642 0
-781 -643 0
-781 644 0
-781 -645 0
-781 -646 0
-781 -647 0
-781 648 0
-781 649 0
-781 650 0
-781 -651 0
-781 652 0
-781 653 0
-781 -654 0
-781 -655 0
-781 656 0
-781 -657 0
-781 -658 0
-781 659 0
-781 -660 0
-781 661 0
-781 662 0
-781 663 0
-781 -664 0
-781 665 0
-781 666 0
-781 667 0
-781 -668 0
-781 669 0
-781 -670 0
-781 -671 0
-781 672 0
-781 673 0
-781 674 0
-781 -675 0
-781 -676 0
-781 -677 0
-781 -678 0
-781 -679 0
-781 -680 0
-781 681 0
-781 -682 0
-781 -683 0
-781 684 0
-781 -685 0
-781 686 0
-781 -687 0
-781 -688 0
-781 689 0
-781 690 0
-781 -691 0
-781 692 0
-781 -693 0
-781 694 0
-781 695 0
-781 696 0
-781 -697 0
-781 -698 0
-781 -699 0
-781 -700 0
-781 701 0
-781 -702 0
-781 703 0
-781 704 0
-781 705 0
-781 706 0
-781 -707 0
-781 -708 0
-781 -709 0
-781 -710 0
-781 711 0
-781 712 0
-781 -713 0
-781 714 0
-781 -715 0
-781 -716 0
-781 717 0
-781 -718 0
-781 -719 0
-781 720 0
-781 -721 0
-781 722 0
-781 723 0
-781 724 0
-781 -725 0
-781 -726 0
-781 -727 0
-781 -728 0
-781 729 0
-781 -730 0
-781 -731 0
-781 -732 0
-781 733 0
-781 734 0
-781 -735 0
-781 -736 0
-781 737 0
-781 -738 0
-781 -739 0
-781 -740 0
-781 -741 0
-781 -742 0
-781 743 0
-781 -744 0
-781 745 0
-781 746 0
-781 747 0
-781 -748 0
-781 749 0
-781 -750 0
-781 751 0
-781 -752 0
-781 753 0
-781 -754 0
-781 755 0
-781 756 0
-781 -757 0
-781 758 0
-781 759 0
-781 760 0
-781 761 0
-781 762 0
-781 763 0
-781 -764 0
-781 -765 0
-781 -766 0
-781 767 0
-781 768 0
-781 769 0
-781 -770 0
-781 771 0
-781 -772 0
-781 -773 0
-781 -774 0
-781 775 0
-781 776 0
-781 777 0
782 -5 -17 -29 -30 -36 -46 48 57 -60 -61 -62 -63 -72 -85 102 104 111 -114 -123 -127 -128 -138 -139 140 143 -144 147 -151 -153 -154 -156 -158 -164 169 174 -578 579 580 581 -582 -583 584 585 586 -587 -588 -589 590 591 592 593 594 595 -596 -597 598 -599 600 601 -602 603 -604 605 606 607 -608 609 -610 611 -612 -613 614 615 -616 -617 618 -619 620 -621 622 623 -624 -625 626 -627 628 629 -630 631 632 633 -634 -635 636 -637 -638 639 640 -641 -642 -643 644 -645 646 647 648 -649 650 651 -652 653 -654 -655 656 -657 658 659 660 661 662 663 664 665 -666 667 668 669 670 -671 -672 -673 -674 675 -676 -677 -678 679 -680 681 -682 683 684 -685 686 -687 688 689 690 691 692 693 -694 -695 -696 697 698 699 -700 701 -702 703 704 705 706 707 -708 709 710 -711 -712 713 714 715 716 717 -718 -719 720 -721 722 -723 724 725 726 -727 -728 -729 730 -731 -732 -733 -734 -735 736 -737 738 739 -740 741 742 -743 744 745 -746 -747 -748 749 750 -751 752 753 -754 -755 756 757 758 759 -760 761 -762 763 764 -765 766 767 768 -769 -770 771 -772 -773 774 -775 -776 -777 0
-782 5 0
-782 17 0
-782 29 0
-782 30 0
-782 36 0
-782 46 0
-782 -48 0
-782 -57 0
-782 60 0
-782 61 0
-782 62 0
-782 63 0
-782 72 0
-782 85 0
-782 -102 0
-782 -104 0
-782 -111 0
-782 114 0
-782 123 0
-782 127 0
-782 128 0
-782 138 0
-782 139 0
-782 -140 0
-782 -143 0
-782 144 0
-782 -147 0
-782 151 0
-782 153 0
-782 154 0
-782 156 0
-782 158 0
-782 164 0
-782 -169 0
-782 -174 0
-782 578 0
-782 -579 0
-782 -580 0
-782 -581 0
-782 582 0
-782 583 0
-782 -584 0
-782 -585 0
-782 -586 0
-782 587 0
-782 588 0
-782 589 0
-782 -590 0
-782 -591 0
-782 -592 0
-782 -593 0
-782 -594 0
-782 -595 0
-782 596 0
-782 597 0
-782 -598 0
-782 599 0
-782 -600 0
-782 -601 0
-782 602 0
-782 -603 0
-782 604 0
-782 -605 0
-782 -606 0
-782 -607 0
-782 608 0
-782 -609 0
-782 610 0
-782 -611 0
-782 612 0
-782 613 0
-782 -614 0
-782 -615 0
-782 616 0
-782 617 0
-782 -618 0
-782 619 0
-782 -620 0
-782 621 0
-782 -622 0
-782 -623 0
-782 624 0
-782 625 0
-782 -626 0
-782 627 0
-782 -628 0
-782 -629 0
-782 630 0
-782 -631 0
-782 -632 0
-782 -633 0
-782 634 0
-782 635 0
-782 -636 0
-782 637 0
-782 638 0
-782 -639 0
-782 -640 0
-782 641 0
-782 642 0
-782 643 0
-782 -644 0
-782 645 0
-782 -646 0
-782 -647 0
-782 -648 0
-782 649 0
-782 -650 0
-782 -651 0
-782 652 0
-782 -653 0
-782 654 0
-782 655 0
-782 -656 0
-782 657 0
-782 -658 0
-782 -659 0
-782 -660 0
-782 -661 0
-782 -662 0
-782 -663 0
-782 -664 0
-782 -665 0
-782 666 0
-782 -667 0
-782 -668 0
-782 -669 0
-782 -670 0
-782 671 0
-782 672 0
-782 673 0
-782 674 0
-782 -675 0
-782 676 0
-782 677 0
-782 678 0
-782 -679 0
-782 680 0
-782 -681 0
-782 682 0
-782 -683 0
-782 -684 0
-782 685 0
-782 -686 0
-782 687 0
-782 -688 0
-782 -689 0
-782 -690 0
-782 -691 0
-782 -692 0
-782 -693 0
-782 694 0
-782 695 0
-782 696 0
-782 -697 0
-782 -698 0
-782 -699 0
-782 700 0
-782 -701 0
-782 702 0
-782 -703 0
-782 -704 0
-782 -705 0
-782 -706 0
-782 -707 0
-782 708 0
-782 -709 0
-782 -710 0
-782 711 0
-782 712 0
-782 -713 0
-782 -714 0
-782 -715 0
-782 -716 0
-782 -717 0
-782 718 0
-782 719 0
-782 -720 0
-782 721 0
-782 -722 0
-782 723 0
-782 -724 0
-782 -725 0
-782 -726 0
-782 727 0
-782 728 0
-782 729 0
-782 -730 0
-782 731 0
-782 732 0
-782 733 0
-782 734 0
-782 735 0
-782 -736 0
-782 737 0
-782 -738 0
-782 -739 0
-782 740 0
-782 -741 0
-782 -742 0
-782 743 0
-782 -744 0
-782 -745 0
-782 746 0
-782 747 0
-782 748 0
-782 -749 0
-782 -750 0
-782 751 0
-782 -752 0
-782 -753 0
-782 754 0
-782 755 0
-782 -756 0
-782 -757 0
-782 -758 0
-782 -759 0
-782 760 0
-782 -761 0
-782 762 0
-782 -763 0
-782 -764 0
-782 765 0
-782 -766 0
-782 -767 0
-782 -768 0
-782 769 0
-782 770 0
-782 -771 0
-782 772 0
-782 773 0
-782 -774 0
-782 775 0
-782 776 0
-782 777 0
783 -5 -17 29 -30 36 -46 -48 57 -60 -61 -62 63 -72 85 102 104 -111 114 123 127 128 -138 -139 -140 -143 144 147 151 -153 154 156 -158 164 169 -174 -578 -579 580 581 -582 -583 584 -585 586 587 588 589 -590 591 592 -593 -594 595 596 -597 598 -599 600 601 602 603 -604 -605 606 607 -608 609 610 -611 612 613 614 615 616 617 -618 619 -620 -621 -622 623 -624 625 626 627 628 629 630 -631 -632 633 634 -635 636 637 -638 -639 -640 641 -642 -643 644 -645 646 647 -648 -649 650 -651 -652 653 -654 655 -656 657 658 659 -660 661 -662 663 -664 -665 666 667 -668 669 -670 -671 672 673 -674 675 676 677 -678 679 680 681 -682 683 -684 685 -686 -687 -688 -689 690 691 -692 693 -694 695 696 697 698 699 -700 -701 -702 703 704 705 706 707 -708 709 -710 -711 -712 -713 -714 -715 716 717 -718 719 -720 -721 -722 723 -724 725 726 -727 -728 -729 -730 731 -732 -733 -734 -735 -736 -737 -738 -739 -740 741 -742 -743 744 745 746 747 -748 -749 750 751 -752 -753 754 -755 -756 -757 -758 -759 760 -761 762 763 764 765 766 -767 -768 769 -770 771 -772 -773 774 -775 -776 777 0
-783 5 0
-783 17 0
-783 -29 0
-783 30 0
-783 -36 0
-783 46 0
-783 48 0
-783 -57 0
-783 60 0
-783 61 0
-783 62 0
-783 -63 0
-783 72 0
-783 -85 0
-783 -102 0
-783 -104 0
-783 111 0
-783 -114 0
-783 -123 0
-783 -127 0
-783 -128 0
-783 138 0
-783 139 0
-783 140 0
-783 143 0
-783 -144 0
-783 -147 0
-783 -151 0
-783 153 0
-783 -154 0
-783 -156 0
-783 158 0
-783 -164 0
-783 -169 0
-783 174 0
-783 578 0
-783 579 0
-783 -580 0
-783 -581 0
-783 582 0
-783 583 0
-783 -584 0
-783 585 0
-783 -586 0
-783 -587 0
-783 -588 0
-783 -589 0
-783 590 0
-783 -591 0
-783 -592 0
-783 593 0
-783 594 0
-783 -595 0
-783 -596 0
-783 597 0
-783 -598 0
-783 599 0
-783 -600 0
-783 -601 0
-783 -602 0
-783 -603 0
-783 604 0
-783 605 0
-783 -606 0
-783 -607 0
-783 608 0
-783 -609 0
-783 -610 0
-783 611 0
-783 -612 0
-783 -613 0
-783 -614 0
-783 -615 0
-783 -616 0
-783 -617 0
-783 618 0
-783 -619 0
-783 620 0
-783 621 0
-783 622 0
-783 -623 0
-783 624 0
-783 -625 0
-783 -626 0
-783 -627 0
-783 -628 0
-783 -629 0
-783 -630 0
-783 631 0
-783 632 0
-783 -633 0
-783 -634 0
-783 635 0
-783 -636 0
-783 -637 0
-783 638 0
-783 639 0
-783 640 0
-783 -641 0
-783 642 0
-783 643 0
-783 -644 0
-783 645 0
-783 -646 0
-783 -647 0
-783 648 0
-783 649 0
-783 -650 0
-783 651 0
-783 652 0
-783 -653 0
-783 654 0
-783 -655 0
-783 656 0
-783 -657 0
-783 -658 0
-783 -659 0
-783 660 0
-783 -661 0
-783 662 0
-783 -663 0
-783 664 0
-783 665 0
-783 -666 0
-783 -667 0
-783 668 0
-783 -669 0
-783 670 0
-783 671 0
-783 -672 0
-783 -673 0
-783 674 0
-783 -675 0
-783 -676 0
-783 -677 0
-783 678 0
-783 -679 0
-783 -680 0
-783 -681 0
-783 682 0
-783 -683 0
-783 684 0
-783 -685 0
-783 686 0
-783 687 0
-783 688 0
-783 689 0
-783 -690 0
-783 -691 0
-783 692 0
-783 -693 0
-783 694 0
-783 -695 0
-783 -696 0
-783 -697 0
-783 -698 0
-783 -699 0
-783 700 0
-783 701 0
-783 702 0
-783 -703 0
-783 -704 0
-783 -705 0
-783 -706 0
-783 -707 0
-783 708 0
-783 -709 0
-783 710 0
-783 711 0
-783 712 0
-783 713 0
-783 714 0
-783 715 0
-783 -716 0
-783 -717 0
-783 718 0
-783 -719 0
-783 720 0
-783 721 0
-783 722 0
-783 -723 0
-783 724 0
-783 -725 0
-783 -726 0
-783 727 0
-783 728 0
-783 729 0
-783 730 0
-783 -731 0
-783 732 0
-783 733 0
-783 734 0
-783 735 0
-783 736 0
-783 737 0
-783 738 0
-783 739 0
-783 740 0
-783 -741 0
-783 742 0
-783 743 0
-783 -744 0
-783 -745 0
-783 -746 0
-783 -747 0
-783 748 0
-783 749 0
-783 -750 0
-783 -751 0
-783 752 0
-783 753 0
-783 -754 0
-783 755 0
-783 756 0
-783 757 0
-783 758 0
-783 759 0
-783 -760 0
-783 761 0
-783 -762 0
-783 -763 0
-783 -764 0
-783 -765 0
-783 -766 0
-783 767 0
-783 768 0
-783 -769 0
-783 770 0
-783 -771 0
-783 772 0
-783 773 0
-783 -774 0
-783 775 0
-783 776 0
-783 -777 0
784 5 -17 -29 30 -36 -46 -48 -57 -60 61 62 -63 -72 -85 -102 -104 111 114 123 -127 128 -138 139 140 143 -144 -147 151 -153 154 156 158 164 -169 -174 578 579 -580 -581 582 -583 -584 -585 586 -587 588 -589 590 -591 -592 -593 594 -595 -596 -597 598 599 -600 -601 -602 -603 -604 -605 -606 607 -608 609 610 611 -612 -613 -614 615 -616 -617 618 619 -620 -621 622 623 -624 625 -626 627 628 -629 630 631 632 -633 634 635 636 637 -638 -639 -640 641 642 643 644 645 -646 -647 -648 -649 -650 -651 652 653 -654 655 656 657 658 659 660 -661 662 -663 -664 665 666 -667 -668 669 -670 671 -672 -673 674 -675 676 -677 678 -679 -680 681 682 -683 684 -685 686 -687 688 689 690 -691 692 693 -694 -695 696 697 -698 699 -700 -701 -702 -703 704 -705 706 -707 708 709 710 -711 -712 713 714 -715 -716 717 -718 719 720 721 -722 -723 -724 725 726 -727 -728 729 -730 731 732 733 -734 735 736 737 738 739 -740 741 -742 743 744 745 -746 747 -748 749 750 751 -752 -753 -754 755 756 757 -758 759 760 -761 -762 -763 764 -765 766 767 768 -769 770 771 -772 -773 774 -775 776 777 0
-784 -5 0
-784 17 0
-784 29 0
-784 -30 0
-784 36 0
-784 46 0
-784 48 0
-784 57 0
-784 60 0
-784 -61 0
-784 -62 0
-784 63 0
-784 72 0
-784 85 0
-784 102 0
-784 104 0
-784 -111 0
-784 -114 0
-784 -123 0
-784 127 0
-784 -128 0
-784 138 0
-784 -139 0
-784 -140 0
-784 -143 0
-784 144 0
-784 147 0
-784 -151 0
-784 153 0
-784 -154 0
-784 -156 0
-784 -158 0
-784 -164 0
-784 169 0
-784 174 0
-784 -578 0
-784 -579 0
-784 580 0
-784 581 0
-784 -582 0
-784 583 0
-784 584 0
-784 585 0
-784 -586 0
-784 587 0
-784 -588 0
-784 589 0
-784 -590 0
-784 591 0
-784 592 0
-784 593 0
-784 -594 0
-784 595 0
-784 596 0
-784 597 0
-784 -598 0
-784 -599 0
-784 600 0
-784 601 0
-784 602 0
-784 603 0
-784 604 0
-784 605 0
-784 606 0
-784 -607 0
-784 608 0
-784 -609 0
-784 -610 0
-784 -611 0
-784 612 0
-784 613 0
-784 614 0
-784 -615 0
-784 616 0
-784 617 0
-784 -618 0
-784 -619 0
-784 620 0
-784 621 0
-784 -622 0
-784 -623 0
-784 624 0
-784 -625 0
-784 626 0
-784 -627 0
-784 -628 0
-784 629 0
-784 -630 0
-784 -631 0
-784 -632 0
-784 633 0
-784 -634 0
-784 -635 0
-784 -636 0
-784 -637 0
-784 638 0
-784 639 0
-784 640 0
-784 -641 0
-784 -642 0
-784 -643 0
-784 -644 0
-784 -645 0
-784 646 0
-784 647 0
-784 648 0
-784 649 0
-784 650 0
-784 651 0
-784 -652 0
-784 -653 0
-784 654 0
-784 -655 0
-784 -656 0
-784 -657 0
-784 -658 0
-784 -659 0
-784 -660 0
-784 661 0
-784 -662 0
-784 663 0
-784 664 0
-784 -665 0
-784 -666 0
-784 667 0
-784 668 0
-784 -669 0
-784 670 0
-784 -671 0
-784 672 0
-784 673 0
-784 -674 0
-784 675 0
-784 -676 0
-784 677 0
-784 -678 0
-784 679 0
-784 680 0
-784 -681 0
-784 -682 0
-784 683 0
-784 -684 0
-784 685 0
-784 -686 0
-784 687 0
-784 -688 0
-784 -689 0
-784 -690 0
-784 691 0
-784 -692 0
-784 -693 0
-784 694 0
-784 695 0
-784 -696 0
-784 -697 0
-784 698 0
-784 -699 0
-784 700 0
-784 701 0
-784 702 0
-784 703 0
-784 -704 0
-784 705 0
-784 -706 0
-784 707 0
-784 -708 0
-784 -709 0
-784 -710 0
-784 711 0
-784 712 0
-784 -713 0
-784 -714 0
-784 715 0
-784 716 0
-784 -717 0
-784 718 0
-784 -719 0
-784 -720 0
-784 -721 0
-784 722 0
-784 723 0
-784 724 0
-784 -725 0
-784 -726 0
-784 727 0
-784 728 0
-784 -729 0
-784 730 0
-784 -731 0
-784 -732 0
-784 -733 0
-784 734 0
-784 -735 0
-784 -736 0
-784 -737 0
-784 -738 0
-784 -739 0
-784 740 0
-784 -741 0
-784 742 0
-784 -743 0
-784 -744 0
-784 -745 0
-784 746 0
-784 -747 0
-784 748 0
-784 -749 0
-784 -750 0
-784 -751 0
-784 752 0
-784 753 0
-784 754 0
-784 -755 0
-784 -756 0
-784 -757 0
-784 758 0
-784 -759 0
-784 -760 0
-784 761 0
-784 762 0
-784 763 0
-784 -764 0
-784 765 0
-784 -766 0
-784 -767 0
-784 -768 0
-784 769 0
-784 -770 0
-784 -771 0
-784 772 0
-784 773 0
-784 -774 0
-784 775 0
-784 -776 0
-784 -777 0
785 5 17 29 -30 36 -46 -48 -57 -60 -61 -62 -63 -72 -85 -102 104 -111 114 123 127 128 138 -139 -140 143 144 -147 -151 153 -154 156 158 -164 -169 -174 578 -579 -580 581 582 -583 -584 -585 -586 587 -588 -589 590 -591 -592 593 -594 -595 596 597 598 -599 -600 601 -602 -603 604 -605 -606 607 608 -609 610 611 -612 -613 -614 -615 616 617 -618 619 620 -621 622 -623 624 625 -626 627 -628 -629 -630 -631 -632 633 634 635 -636 637 638 639 -640 -641 -642 643 644 -645 -646 647 648 649 650 -651 -652 653 654 655 -656 657 -658 -659 660 -661 -662 -663 -664 665 -666 667 668 669 670 671 -672 673 674 675 -676 677 -678 679 -680 -681 -682 -683 684 -685 -686 687 -688 -689 -690 691 -692 693 -694 -695 696 -697 698 699 700 701 702 703 704 705 706 707 -708 -709 710 -711 712 -713 -714 -715 -716 717 718 719 -720 721 -722 723 724 725 726 727 -728 -729 -730 -731 -732 -733 734 -735 736 737 738 -739 -740 -741 -742 -743 744 745 746 -747 -748 749 -750 751 752 753 -754 -755 756 -757 -758 759 -760 -761 -762 763 -764 -765 766 767 768 -769 -770 -771 772 -773 -774 775 -776 777 0
-785 -5 0
-785 -17 0
-785 -29 0
-785 30 0
-785 -36 0
-785 46 0
-785 48 0
-785 57 0
-785 60 0
-785 61 0
-785 62 0
-785 63 0
-785 72 0
-785 85 0
-785 102 0
-785 -104 0
-785 111 0
-785 -114 0
-785 -123 0
-785 -127 0
-785 -128 0
-785 -138 0
-785 139 0
-785 140 0
-785 -143 0
-785 -144 0
-785 147 0
-785 151 0
-785 -153 0
-785 154 0
-785 -156 0
-785 -158 0
-785 164 0
-785 169 0
-785 174 0
-785 -578 0
-785 579 0
-785 580 0
-785 -581 0
-785 -582 0
-785 583 0
-785 584 0
-785 585 0
-785 586 0
-785 -587 0
-785 588 0
-785 589 0
-785 -590 0
-785 591 0
-785 592 0
-785 -593 0
-785 594 0
-785 595 0
-785 -596 0
-785 -597 0
-785 -598 0
-785 599 0
-785 600 0
-785 -601 0
-785 602 0
-785 603 0
-785 -604 0
-785 605 0
-785 606 0
-785 -607 0
-785 -608 0
-785 609 0
-785 -610 0
-785 -611 0
-785 612 0
-785 613 0
-785 614 0
-785 615 0
-785 -616 0
-785 -617 0
-785 618 0
-785 -619 0
-785 -620 0
-785 621 0
-785 -622 0
-785 623 0
-785 -624 0
-785 -625 0
-785 626 0
-785 -627 0
-785 628 0
-785 629 0
-785 630 0
-785 631 0
-785 632 0
-785 -633 0
-785 -634 0
-785 -635 0
-785 636 0
-785 -637 0
-785 -638 0
-785 -639 0
-785 640 0
-785 641 0
-785 642 0
-785 -643 0
-785 -644 0
-785 645 0
-785 646 0
-785 -647 0
-785 -648 0
-785 -649 0
-785 -650 0
-785 651 0
-785 652 0
-785 -653 0
-785 -654 0
-785 -655 0
-785 656 0
-785 -657 0
-785 658 0
-785 659 0
-785 -660 0
-785 661 0
-785 662 0
-785 663 0
-785 664 0
-785 -665 0
-785 666 0
-785 -667 0
-785 -668 0
-785 -669 0
-785 -670 0
-785 -671 0
-785 672 0
-785 -673 0
-785 -674 0
-785 -675 0
-785 676 0
-785 -677 0
-785 678 0
-785 -679 0
-785 680 0
-785 681 0
-785 682 0
-785 683 0
-785 -684 0
-785 685 0
-785 686 0
-785 -687 0
-785 688 0
-785 689 0
-785 690 0
-785 -691 0
-785 692 0
-785 -693 0
-785 694 0
-785 695 0
-785 -696 0
-785 697 0
-785 -698 0
-785 -699 0
-785 -700 0
-785 -701 0
-785 -702 0
-785 -703 0
-785 -704 0
-785 -705 0
-785 -706 0
-785 -707 0
-785 708 0
-785 709 0
-785 -710 0
-785 711 0
-785 -712 0
-785 713 0
-785 714 0
-785 715 0
-785 716 0
-785 -717 0
-785 -718 0
-785 -719 0
-785 720 0
-785 -721 0
-785 722 0
-785 -723 0
-785 -724 0
-785 -725 0
-785 -726 0
-785 -727 0
-785 728 0
-785 729 0
-785 730 0
-785 731 0
-785 732 0
-785 733 0
-785 -734 0
-785 735 0
-785 -736 0
-785 -737 0
-785 -738 0
-785 739 0
-785 740 0
-785 741 0
-785 742 0
-785 743 0
-785 -744 0
-785 -745 0
-785 -746 0
-785 747 0
-785 748 0
-785 -749 0
-785 750 0
-785 -751 0
-785 -752 0
-785 -753 0
-785 754 0
-785 755 0
-785 -756 0
-785 757 0
-785 758 0
-785 -759 0
-785 760 0
-785 761 0
-785 762 0
-785 -763 0
-785 764 0
-785 765 0
-785 -766 0
-785 -767 0
-785 -768 0
-785 769 0
-785 770 0
-785 771 0
-785 -772 0
-785 773 0
-785 774 0
-785 -775 0
-785 776 0
-785 -777 0
786 -5 -17 29 -30 36 46 48 -57 -60 61 62 63 -72 -85 -102 104 111 -114 123 127 -128 -138 139 -140 -143 144 147 -151 153 154 -156 158 164 -169 174 578 579 580 -581 582 -583 -584 -585 586 587 -588 -589 -590 591 592 -593 -594 -595 596 597 -598 599 -600 -601 -602 603 -604 605 606 607 -608 609 -610 -611 -612 -613 -614 615 616 -617 618 619 620 621 622 -623 624 -625 -626 -627 628 629 630 -631 -632 -633 634 635 -636 -637 638 -639 -640 -641 642 643 -644 -645 646 -647 648 -649 650 -651 652 -653 -654 655 656 657 658 -659 -660 661 -662 663 664 665 666 667 -668 669 -670 671 672 -673 -674 -675 -676 677 -678 679 -680 -681 682 683 684 -685 -686 -687 -688 -689 690 -691 692 -693 694 -695 696 697 698 -699 700 701 -702 -703 704 705 -706 707 -708 -709 710 711 712 -713 714 715 -716 -717 -718 719 -720 -721 -722 -723 724 -725 -726 727 728 -729 -730 731 -732 733 734 735 -736 737 738 -739 740 -741 742 -743 744 -745 -746 747 748 -749 750 -751 752 -753 754 755 756 757 -758 759 -760 761 -762 -763 -764 765 -766 767 -768 769 770 771 772 773 774 775 776 -777 0
-786 5 0
-786 17 0
-786 -29 0
-786 30 0
-786 -36 0
-786 -46 0
-786 -48 0
-786 57 0
-786 60 0
-786 -61 0
-786 -62 0
-786 -63 0
-786 72 0
-786 85 0
-786 102 0
-786 -104 0
-786 -111 0
-786 114 0
-786 -123 0
-786 -127 0
-786 128 0
-786 138 0
-786 -139 0
-786 140 0
-786 143 0
-786 -144 0
-786 -147 0
-786 151 0
-786 -153 0
-786 -154 0
-786 156 0
-786 -158 0
-786 -164 0
-786 169 0
-786 -174 0
-786 -578 0
-786 -579 0
-786 -580 0
-786 581 0
-786 -582 0
-786 583 0
-786 584 0
-786 585 0
-786 -586 0
-786 -587 0
-786 588 0
-786 589 0
-786 590 0
-786 -591 0
-786 -592 0
-786 593 0
-786 594 0
-786 595 0
-786 -596 0
-786 -597 0
-786 598 0
-786 -599 0
-786 600 0
-786 601 0
-786 602 0
-786 -603 0
-786 604 0
-786 -605 0
-786 -606 0
-786 -607 0
-786 608 0
-786 -609 0
-786 610 0
-786 611 0
-786 612 0
-786 613 0
-786 614 0
-786 -615 0
-786 -616 0
-786 617 0
-786 -618 0
-786 -619 0
-786 -620 0
-786 -621 0
-786 -622 0
-786 623 0
-786 -624 0
-786 625 0
-786 626 0
-786 627 0
-786 -628 0
-786 -629 0
-786 -630 0
-786 631 0
-786 632 0
-786 633 0
-786 -634 0
-786 -635 0
-786 636 0
-786 637 0
-786 -638 0
-786 639 0
-786 640 0
-786 641 0
-786 -642 0
-786 -643 0
-786 644 0
-786 645 0
-786 -646 0
-786 647 0
-786 -648 0
-786 649 0
-786 -650 0
-786 651 0
-786 -652 0
-786 653 0
-786 654 0
-786 -655 0
-786 -656 0
-786 -657 0
-786 -658 0
-786 659 0
-786 660 0
-786 -661 0
-786 662 0
-786 -663 0
-786 -664 0
-786 -665 0
-786 -666 0
-786 -667 0
-786 668 0
-786 -669 0
-786 670 0
-786 -671 0
-786 -672 0
-786 673 0
-786 674 0
-786 675 0
-786 676 0
-786 -677 0
-786 678 0
-786 -679 0
-786 680 0
-786 681 0
-786 -682 0
-786 -683 0
-786 -684 0
-786 685 0
-786 686 0
-786 687 0
-786 688 0
-786 689 0
-786 -690 0
-786 691 0
-786 -692 0
-786 693 0
-786 -694 0
-786 695 0
-786 -696 0
-786 -697 0
-786 -698 0
-786 699 0
-786 -700 0
-786 -701 0
-786 702 0
-786 703 0
-786 -704 0
-786 -705 0
-786 706 0
-786 -707 0
-786 708 0
-786 709 0
-786 -710 0
-786 -711 0
-786 -712 0
-786 713 0
-786 -714 0
-786 -715 0
-786 716 0
-786 717 0
-786 718 0
-786 -719 0
-786 720 0
-786 721 0
-786 722 0
-786 723 0
-786 -724 0
-786 725 0
-786 726 0
-786 -727 0
-786 -728 0
-786 729 0
-786 730 0
-786 -731 0
-786 732 0
-786 -733 0
-786 -734 0
-786 -735 0
-786 736 0
-786 -737 0
-786 -738 0
-786 739 0
-786 -740 0
-786 741 0
-786 -742 0
-786 743 0
-786 -744 0
-786 745 0
-786 746 0
-786 -747 0
-786 -748 0
-786 749 0
-786 -750 0
-786 751 0
-786 -752 0
-786 753 0
-786 -754 0
-786 -755 0
-786 -756 0
-786 -757 0
-786 758 0
-786 -759 0
-786 760 0
-786 -761 0
-786 762 0
-786 763 0
-786 764 0
-786 -765 0
-786 766 0
-786 -767 0
-786 768 0
-786 -769 0
-786 -770 0
-786 -771 0
-786 -772 0
-786 -773 0
-786 -774 0
-786 -775 0
-786 -776 0
-786 777 0
787 -5 -17 29 30 36 46 48 -57 -60 61 -62 -63 -72 85 -102 104 111 114 123 127 128 138 -139 -140 -143 144 147 151 153 -154 -156 158 164 169 174 -578 579 580 -581 -582 583 -584 -585 -586 -587 -588 -589 -590 -591 592 -593 594 595 -596 -597 -598 599 -600 -601 602 -603 604 605 606 -607 -608 609 610 611 -612 613 614 -615 -616 -617 618 619 620 -621 622 623 624 -625 -626 -627 628 -629 -630 631 632 -633 -634 -635 636 -637 -638 -639 640 641 642 -643 644 -645 -646 -647 -648 649 650 651 652 653 654 -655 656 -657 658 659 -660 -661 -662 663 -664 665 666 -667 668 669 -670 671 -672 -673 674 675 676 677 678 679 -680 -681 -682 683 -684 685 686 -687 688 689 -690 691 -692 -693 -694 -695 -696 -697 698 -699 -700 -701 -702 -703 704 705 706 -707 708 709 -710 711 -712 -713 714 715 716 717 -718 -719 -720 -721 -722 -723 -724 725 726 727 -728 729 -730 731 732 733 -734 -735 -736 737 -738 -739 -740 -741 -742 -743 -744 745 -746 -747 748 749 750 -751 752 753 754 755 756 -757 758 759 760 -761 -762 763 -764 765 766 767 -768 769 770 -771 772 -773 774 775 776 -777 0
-787 5 0
-787 17 0
-787 -29 0
-787 -30 0
-787 -36 0
-787 -46 0
-787 -48 0
-787 57 0
-787 60 0
-787 -61 0
-787 62 0
-787 63 0
-787 72 0
-787 -85 0
-787 102 0
-787 -104 0
-787 -111 0
-787 -114 0
-787 -123 0
-787 -127 0
-787 -128 0
-787 -138 0
-787 139 0
-787 140 0
-787 143 0
-787 -144 0
-787 -147 0
-787 -151 0
-787 -153 0
-787 154 0
-787 156 0
-787 -158 0
-787 -164 0
-787 -169 0
-787 -174 0
-787 578 0
-787 -579 0
-787 -580 0
-787 581 0
-787 582 0
-787 -583 0
-787 584 0
-787 585 0
-787 586 0
-787 587 0
-787 588 0
-787 589 0
-787 590 0
-787 591 0
-787 -592 0
-787 593 0
-787 -594 0
-787 -595 0
-787 596 0
-787 597 0
-787 598 0
-787 -599 0
-787 600 0
-787 601 0
-787 -602 0
-787 603 0
-787 -604 0
-787 -605 0
-787 -606 0
-787 607 0
-787 608 0
-787 -609 0
-787 -610 0
-787 -611 0
-787 612 0
-787 -613 0
-787 -614 0
-787 615 0
-787 616 0
-787 617 0
-787 -618 0
-787 -619 0
-787 -620 0
-787 621 0
-787 -622 0
-787 -623 0
-787 -624 0
-787 625 0
-787 626 0
-787 627 0
-787 -628 0
-787 629 0
-787 630 0
-787 -631 0
-787 -632 0
-787 633 0
-787 634 0
-787 635 0
-787 -636 0
-787 637 0
-787 638 0
-787 639 0
-787 -640 0
-787 -641 0
-787 -642 0
-787 643 0
-787 -644 0
-787 645 0
-787 646 0
-787 647 0
-787 648 0
-787 -649 0
-787 -650 0
-787 -651 0
-787 -652 0
-787 -653 0
-787 -654 0
-787 655 0
-787 -656 0
-787 657 0
-787 -658 0
-787 -659 0
-787 660 0
-787 661 0
-787 662 0
-787 -663 0
-787 664 0
-787 -665 0
-787 -666 0
-787 667 0
-787 -668 0
-787 -669 0
-787 670 0
-787 -671 0
-787 672 0
-787 673 0
-787 -674 0
-787 -675 0
-787 -676 0
-787 -677 0
-787 -678 0
-787 -679 0
-787 680 0
-787 681 0
-787 682 0
-787 -683 0
-787 684 0
-787 -685 0
-787 -686 0
-787 687 0
-787 -688 0
-787 -689 0
-787 690 0
-787 -691 0
-787 692 0
-787 693 0
-787 694 0
-787 695 0
-787 696 0
-787 697 0
-787 -698 0
-787 699 0
-787 700 0
-787 701 0
-787 702 0
-787 703 0
-787 -704 0
-787 -705 0
-787 -706 0
-787 707 0
-787 -708 0
-787 -709 0
-787 710 0
-787 -711 0
-787 712 0
-787 713 0
-787 -714 0
-787 -715 0
-787 -716 0
-787 -717 0
-787 718 0
-787 719 0
-787 720 0
-787 721 0
-787 722 0
-787 723 0
-787 724 0
-787 -725 0
-787 -726 0
-787 -727 0
-787 728 0
-787 -729 0
-787 730 0
-787 -731 0
-787 -732 0
-787 -733 0
-787 734 0
-787 735 0
-787 736 0
-787 -737 0
-787 738 0
-787 739 0
-787 740 0
-787 741 0
-787 742 0
-787 743 0
-787 744 0
-787 -745 0
-787 746 0
-787 747 0
-787 -748 0
-787 -749 0
-787 -750 0
-787 751 0
-787 -752 0
-787 -753 0
-787 -754 0
-787 -755 0
-787 -756 0
-787 757 0
-787 -758 0
-787 -759 0
-787 -760 0
-787 761 0
-787 762 0
-787 -763 0
-787 764 0
-787 -765 0
-787 -766 0
-787 -767 0
-787 768 0
-787 -769 0
-787 -770 0
-787 771 0
-787 -772 0
-787 773 0
-787 -774 0
-787 -775 0
-787 -776 0
-787 777 0
