Instance abcdsat CryptoMiniSat5 Lingeling MapleCOMSPS MiniSat2.2 Riss6 Rokk CSSC DCCA
geffe64_0.cnf 0.436 0.137711 0.1 0.22 0.188 0.02 0.176 3990 5000 
geffe64_1.cnf 0.868 0.0724991 0.4 0.164 0.204 0.04 0.176 5000 5000 
geffe64_10.cnf 0.812 0.266718 0.2 0.308 0.072 0.072 0.076 895 5000 
geffe64_11.cnf 0.204 0.282484 0.3 0.332 0.108 0.036 0.152 969 5000 
geffe64_12.cnf 0.832 0.640979 0.3 0.12 0.032 0.056 0.312 5000 5000 
geffe64_13.cnf 0.232 0.0694587 0.3 0.412 0.1 0.04 0.056 5000 5000 
geffe64_14.cnf 0.236 0.701567 0.1 0.364 0.036 0.016 0.052 5000 0.1 
geffe64_15.cnf 0.888 0.0621978 0.5 0.228 0.152 0.112 0.272 5000 5000 
geffe64_16.cnf 0.912 0.191585 0.3 0.144 0.044 0.04 0.076 1700 5000 
geffe64_17.cnf 0.428 0.277494 0.5 0.164 0.1 0.1 0.124 5000 4495.52 
geffe64_18.cnf 1.396 0.100118 1.1 0.104 0.032 0.116 0.328 5000 2450.55 
geffe64_19.cnf 0.82 0.556513 0.3 0.78 0.164 0.072 0.104 3976 5000 
geffe64_2.cnf 0.74 0.142145 0.3 0.252 0.284 0.124 0.168 2693 3384.51 
geffe64_20.cnf 0.572 0.125332 0.2 0.128 0.04 0.02 0.196 5000 0.11 
geffe64_21.cnf 1.328 0.875777 0.2 0.16 0.26 0.016 0.112 698 5000 
geffe64_22.cnf 0.452 0.283706 0.2 0.22 0.092 0.052 0.208 1561 5000 
geffe64_23.cnf 0.404 0.231064 0.2 1.624 0.032 0.012 0.152 276 162.28 
geffe64_24.cnf 0.608 0.493207 0.5 0.08 0.148 0.016 0.036 28 5000 
geffe64_25.cnf 0.176 0.526813 0.4 1.332 0.104 0.06 0.228 5000 5000 
geffe64_26.cnf 0.376 0.330412 0.5 0.244 0.104 0.068 0.116 5000 5000 
geffe64_27.cnf 0.62 0.38691 0.2 0.388 0.192 0.072 0.184 5000 5000 
geffe64_28.cnf 1.176 0.0555967 0.5 0.352 0.116 0.036 0.196 5000 5000 
geffe64_29.cnf 0.092 0.809792 0.9 0.504 0.1 0.204 0.176 5000 5000 
geffe64_3.cnf 0.732 0.453279 1.3 0.356 0.048 0.016 0.356 5000 5000 
geffe64_30.cnf 0.556 0.0744104 0.8 0.136 0.128 0.016 0.24 401 456.72 
geffe64_31.cnf 0.564 0.910224 0.2 0.156 0.112 0.088 0.156 22 4695.54 
geffe64_32.cnf 0.964 0.487494 0.3 0.592 0.036 0.136 0.136 5000 5000 
geffe64_33.cnf 0.692 0.0921465 0.6 1.048 0.176 0.024 0.292 5000 5000 
geffe64_34.cnf 0.244 0.48664 0.3 0.164 0.132 0.072 0.056 5000 5000 
geffe64_35.cnf 0.7 0.347393 0.3 0.428 0.092 0.196 0.036 5000 5000 
geffe64_36.cnf 0.636 0.382427 0.7 0.012 0.104 0.044 0.264 5000 5000 
geffe64_37.cnf 0.636 0.0992809 0.6 0.476 0.208 0.18 0.044 4858 5000 
geffe64_38.cnf 0.6 0.287328 0.3 0.164 0.068 0.012 0.284 1207 5000 
geffe64_39.cnf 0.992 0.0436959 1 0.868 0.144 0.264 0.204 4759 5000 
geffe64_4.cnf 0.164 0.499809 0.2 0.364 0.02 0.016 0.024 3034 5000 
geffe64_40.cnf 0.568 0.923298 0.4 0.256 0.148 0.076 0.428 5000 4075.39 
geffe64_41.cnf 0.532 0.152667 0.2 0.464 0.136 0.016 0.152 5000 5000 
geffe64_42.cnf 0.588 0.0843208 0.1 0.148 0.14 0.032 0.212 5000 5000 
geffe64_43.cnf 0.708 0.264462 0.2 0.82 0.084 0.148 0.1 5000 5000 
geffe64_44.cnf 0.988 0.134491 0.4 0.468 0.176 0.172 0.3 5000 5000 
geffe64_45.cnf 0.356 0.641845 0.6 0.496 0.224 0.06 0.112 5000 3051.82 
geffe64_46.cnf 0.272 0.088039 0.2 0.428 0.124 0.012 0.316 5000 5000 
geffe64_47.cnf 0.228 0.0879869 0.3 0.616 0.18 0.016 0.056 5000 4821.33 
geffe64_48.cnf 0.368 0.283189 0.2 0.208 0.168 0.076 0.06 5000 5000 
geffe64_49.cnf 0.496 0.518966 0.2 1.1 0.156 0.144 0.068 5000 5000 
geffe64_5.cnf 0.768 0.454908 0.1 0.48 0.112 0.116 0.224 5000 5000 
geffe64_50.cnf 0.204 0.301571 0.3 0.552 0.012 0.084 0.028 2441 5000 
geffe64_51.cnf 0.408 0.0852885 0.1 0.12 0.148 0.128 0.064 5000 5000 
geffe64_52.cnf 0.292 0.225841 0.1 0.132 0.048 0.188 0.092 2370 5000 
geffe64_53.cnf 0.836 0.277668 0.8 0.724 0.116 0.016 0.14 3592 466.03 
geffe64_54.cnf 0.224 0.190715 0.4 0.38 0.024 0.208 0.032 5000 5000 
geffe64_55.cnf 0.52 0.282694 0.7 0.608 0.068 0.052 0.096 5000 5000 
geffe64_56.cnf 0.108 0.158382 1.1 0.288 0.048 0.016 0.06 2167 5000 
geffe64_57.cnf 0.34 0.37662 0.2 0.052 0.112 0.204 0.14 5000 5000 
geffe64_58.cnf 0.312 0.310857 0.3 0.456 0.044 0.064 0.256 5000 5000 
geffe64_59.cnf 0.716 0.170798 0.4 0.096 0.208 0.012 0.148 5000 5000 
geffe64_6.cnf 0.74 0.148965 0.2 0.628 0.1 0.04 0.04 5000 5000 
geffe64_60.cnf 0.64 1.037 0.5 0.632 0.112 0.02 0.136 2992 5000 
geffe64_61.cnf 0.812 0.381606 0.4 0.184 0.036 0.16 0.156 5000 1900.35 
geffe64_62.cnf 0.116 0.211117 0.8 0.284 0.16 0.212 0.112 5000 4275.82 
geffe64_63.cnf 0.696 0.156589 0.2 0.32 0.064 0.016 0.244 5000 5000 
geffe64_64.cnf 0.48 1.17668 1 0.228 0.028 0.116 0.028 2607 5000 
geffe64_65.cnf 0.34 0.420255 0.3 0.04 0.156 0.056 0.036 5000 754.73 
geffe64_66.cnf 0.66 0.155814 0.5 0.416 0.048 0.232 0.108 5000 5000 
geffe64_67.cnf 0.696 0.204176 1.9 0.464 0.212 0.152 0.164 5000 5000 
geffe64_68.cnf 0.476 0.315504 0.3 0.144 0.1 0.184 0.076 5000 5000 
geffe64_69.cnf 0.216 0.548806 0.5 0.688 0.292 0.008 0.22 1427 1110.99 
geffe64_7.cnf 0.984 0.195846 0.4 0.276 0.36 0.104 0.04 5000 5000 
geffe64_70.cnf 0.464 0.231772 1.2 0.484 0.108 0.208 0.044 5000 4272.72 
geffe64_71.cnf 1.184 0.222511 0.3 0.2 0.1 0.012 0.044 5000 5000 
geffe64_72.cnf 0.78 0.257488 0.2 0.328 0.044 0.056 0.136 5000 5000 
geffe64_73.cnf 0.376 0.258718 0.4 0.088 0.084 0.124 0.044 5000 5000 
geffe64_74.cnf 0.26 0.725488 0.4 0.108 0.06 0.012 0.216 667 5000 
geffe64_75.cnf 0.672 0.384513 0.2 0.348 0.06 0.036 0.112 5000 5000 
geffe64_76.cnf 0.3 0.219274 0.3 0.176 0.14 0.12 0.164 5000 5000 
geffe64_77.cnf 0.888 0.275462 0.2 0.7 0.032 0.024 0.18 193 3860.34 
geffe64_78.cnf 0.524 0.124411 0.2 0.204 0.16 0.06 0.24 4959 5000 
geffe64_79.cnf 0.464 0.157046 0.4 0.8 0.052 0.168 0.18 5000 5000 
geffe64_8.cnf 0.376 0.304399 0.4 0.14 0.132 0.012 0.096 5000 5000 
geffe64_80.cnf 0.484 0.101477 0.3 0.124 0.188 0.104 0.072 5000 5000 
geffe64_81.cnf 0.352 0.39196 0.4 0.284 0.048 0.076 0.224 4500 5000 
geffe64_82.cnf 0.836 0.045659 0.4 0.096 0.056 0.056 0.052 2344 5000 
geffe64_83.cnf 0.696 0.139626 0.2 0.512 0.044 0.024 0.036 5000 5000 
geffe64_84.cnf 0.228 0.260818 1.3 0.172 0.12 0.028 0.064 1297 5000 
geffe64_85.cnf 0.644 0.488247 0.6 1.124 0.076 0.016 0.324 2546 5000 
geffe64_86.cnf 0.496 0.257613 0.2 0.448 0.128 0.048 0.124 3782 5000 
geffe64_87.cnf 0.936 0.0291122 0.3 0.068 0.04 0.192 0.068 5000 5000 
geffe64_88.cnf 0.564 0.427271 0.3 0.472 0.028 0.012 0.324 5000 5000 
geffe64_89.cnf 0.272 0.478781 0.6 1.608 0.092 0.304 0.112 5000 5000 
geffe64_9.cnf 0.248 0.733326 0.2 0.816 0.056 0.016 0.088 51 5000 
geffe64_90.cnf 0.672 0.228726 0.7 1.616 0.04 0.016 0.16 2114 5000 
geffe64_91.cnf 0.616 0.207927 0.6 0.912 0.204 0.076 0.148 5000 5000 
geffe64_92.cnf 0.424 0.155557 0.8 0.164 0.164 0.012 0.116 5000 5000 
geffe64_93.cnf 0.312 0.256546 0.3 0.272 0.076 0.068 0.116 5000 5000 
geffe64_94.cnf 0.228 0.50176 0.3 0.052 0.028 0.196 0.064 5000 5000 
geffe64_95.cnf 0.92 0.16179 0.5 0.356 0.188 0.016 0.224 5000 5000 
geffe64_96.cnf 0.392 0.253946 0.5 0.032 0.072 0.104 0.032 5000 5000 
geffe64_97.cnf 0.324 0.501176 0.4 0.34 0.056 0.088 0.22 5000 5000 
geffe64_98.cnf 0.66 0.105024 1 0.06 0.068 0.124 0.112 5000 5000 
geffe64_99.cnf 0.412 0.763968 0.2 0.06 0.012 0.024 0.008 5000 5000 
