Instance abcdsat CryptoMiniSat5 Lingeling MapleCOMSPS MiniSat2.2 Riss6 Rokk CSSC DCCA
geffe96_0.cnf 0.384 6.23458 2.8 0.496 0.96 2.264 2.032 5000 5000 
geffe96_1.cnf 0.632 4.86714 0.8 0.38 0.212 0.756 0.248 5000 5000 
geffe96_10.cnf 3.184 3.46928 0.4 1.488 0.28 0.152 0.072 5000 5000 
geffe96_11.cnf 1.432 3.61193 0.8 0.72 0.1 0.244 0.624 5000 5000 
geffe96_12.cnf 0.9 1.87719 1.4 0.712 0.356 0.704 0.928 5000 5000 
geffe96_13.cnf 0.228 11.3333 2.1 1.24 0.076 0.42 0.792 5000 5000 
geffe96_14.cnf 2 0.256484 1.4 0.5 0.1 0.076 0.808 5000 5000 
geffe96_15.cnf 1.34 7.09185 1.1 2.288 0.152 0.076 0.032 5000 5000 
geffe96_16.cnf 0.78 0.417051 0.7 1.36 0.08 0.564 0.388 5000 5000 
geffe96_17.cnf 0.548 2.15769 0.6 0.708 0.124 0.68 0.184 5000 5000 
geffe96_18.cnf 1.56 2.23476 2.7 1.12 0.576 0.424 0.356 5000 5000 
geffe96_19.cnf 2.256 1.50169 1.3 1.644 0.212 0.04 0.336 5000 5000 
geffe96_2.cnf 0.828 5.05 1 3.8 0.672 0.772 0.248 5000 5000 
geffe96_20.cnf 3.084 3.12213 1.4 0.176 0.388 0.04 0.6 5000 5000 
geffe96_21.cnf 0.524 6.11001 1.1 0.724 0.632 0.14 0.908 5000 5000 
geffe96_22.cnf 1.428 0.610736 0.7 1.356 0.288 1.644 0.792 5000 5000 
geffe96_23.cnf 1.428 3.2674 1.4 0.028 0.26 0.868 0.592 5000 5000 
geffe96_24.cnf 0.836 1.49298 2.1 1.032 0.396 0.38 0.584 5000 5000 
geffe96_25.cnf 0.776 0.557736 0.2 0.88 0.692 0.012 0.304 5000 5000 
geffe96_26.cnf 1.4 3.43094 2 0.496 0.32 0.36 0.54 5000 5000 
geffe96_27.cnf 3.34 6.46333 1.4 0.16 0.04 0.788 0.124 5000 5000 
geffe96_28.cnf 1.032 1.59795 1.6 1.304 0.196 0.552 0.412 5000 5000 
geffe96_29.cnf 1.864 5.55748 1.8 2.224 0.064 0.736 0.528 5000 5000 
geffe96_3.cnf 1.056 0.032506 0.8 1.2 0.324 0.876 0.264 5000 5000 
geffe96_30.cnf 0.052 4.06293 0.2 1.616 0.928 1.168 0.768 5000 5000 
geffe96_31.cnf 5.404 3.51831 0.2 0.676 0.676 0.184 0.74 5000 5000 
geffe96_32.cnf 1.496 2.21533 0.6 0.48 0.012 1.048 0.016 5000 5000 
geffe96_33.cnf 1.912 2.5634 0.7 1.852 0.036 1.044 0.232 5000 5000 
geffe96_34.cnf 0.224 0.337874 0.7 0.536 0.044 0.296 0.48 5000 5000 
geffe96_35.cnf 0.696 1.07654 0.8 0.608 0.148 0.528 0.844 5000 5000 
geffe96_36.cnf 0.444 1.6869 0.7 0.448 0.212 0.788 0.296 5000 5000 
geffe96_37.cnf 0.04 1.35432 0.9 0.28 0.296 0.652 0.304 5000 5000 
geffe96_38.cnf 0.96 8.62755 1.9 2.072 0.4 0.636 0.28 5000 5000 
geffe96_39.cnf 1.612 2.21893 1.8 1.348 0.288 0.416 0.208 5000 5000 
geffe96_4.cnf 2.064 5.52791 1 2.416 0.34 0.852 0.028 5000 5000 
geffe96_40.cnf 1.064 0.881428 2.5 1.392 0.192 0.268 0.656 5000 5000 
geffe96_41.cnf 0.888 1.43798 1.1 0.928 0.108 0.156 0.08 5000 5000 
geffe96_42.cnf 1.512 0.921767 0.4 0.836 0.156 0.312 0.448 5000 5000 
geffe96_43.cnf 1.544 3.46904 0.8 0.704 0.144 0.5 0.032 5000 5000 
geffe96_44.cnf 1.24 1.57941 0.8 1.084 0.084 0.444 0.156 5000 5000 
geffe96_45.cnf 1.972 1.67675 0.3 0.064 0.132 0.028 0.484 5000 5000 
geffe96_46.cnf 0.796 0.440248 0.4 2.096 0.444 0.088 0.472 5000 5000 
geffe96_47.cnf 0.02 4.04651 0.6 1.048 0.264 0.416 0.204 5000 5000 
geffe96_48.cnf 0.808 1.34533 1 0.224 0.164 0.42 1.104 5000 5000 
geffe96_49.cnf 0.208 1.19003 0.6 1.052 0.448 0.456 0.772 5000 5000 
geffe96_5.cnf 2.62 0.951474 0.4 0.376 0.364 0.356 0.08 5000 5000 
geffe96_50.cnf 0.2 3.31524 0.9 0.7 0.456 0.404 0.548 5000 5000 
geffe96_51.cnf 2.28 3.32702 0.2 2.292 0.02 0.992 0.024 5000 5000 
geffe96_52.cnf 1.452 0.422869 0.3 0.864 0.236 0.54 0.536 5000 5000 
geffe96_53.cnf 1.676 3.75886 1.4 1.328 0.5 0.412 0.064 5000 5000 
geffe96_54.cnf 2.36 1.46272 1.2 2.092 0.296 1.872 0.412 5000 5000 
geffe96_55.cnf 1.112 0.276958 0.7 0.132 0.168 0.332 0.832 5000 5000 
geffe96_56.cnf 0.68 0.895371 2.6 1.224 0.164 0.46 0.332 5000 5000 
geffe96_57.cnf 4.64 5.78982 0.5 4.208 0.456 0.18 1.82 5000 5000 
geffe96_58.cnf 0.068 0.847506 0.4 0.2 0.328 0.484 0.444 5000 5000 
geffe96_59.cnf 1.772 3.868 1.2 1.684 0.044 0.084 1.076 5000 5000 
geffe96_6.cnf 1.276 3.12013 2.3 0.208 0.684 1.336 0.708 5000 5000 
geffe96_60.cnf 1.692 0.893041 0.4 1.34 0.092 0.656 0.452 5000 5000 
geffe96_61.cnf 2.016 2.94697 1 1.496 0.628 0.284 0.284 5000 5000 
geffe96_62.cnf 0.012 1.81433 1.1 0.832 0.452 0.28 0.088 5000 5000 
geffe96_63.cnf 0.804 4.94042 0.9 0.976 0.252 0.652 0.104 5000 5000 
geffe96_64.cnf 3.06 0.941658 1.9 1.264 0.6 1.256 0.352 5000 5000 
geffe96_65.cnf 0.052 1.36997 1 0.396 0.156 0.536 0.3 5000 5000 
geffe96_66.cnf 0.072 1.07464 1 1.292 0.12 0.156 0.364 5000 5000 
geffe96_67.cnf 0.892 1.10297 0.7 1.02 0.064 0.684 0.68 5000 5000 
geffe96_68.cnf 0.956 3.18714 0.6 1.608 0.116 0.136 0.448 5000 5000 
geffe96_69.cnf 1.404 3.06822 1.6 0.192 0.34 0.104 0.136 5000 5000 
geffe96_7.cnf 0.3 1.08319 0.8 0.052 0.116 0.052 0.256 5000 5000 
geffe96_70.cnf 2.008 4.50903 0.2 2.272 0.004 1.48 0.008 5000 5000 
geffe96_71.cnf 0.44 0.691404 1.2 2.228 0.048 0.156 0.6 5000 5000 
geffe96_72.cnf 0.6 0.14229 0.5 0.912 0.352 0.232 0.52 5000 5000 
geffe96_73.cnf 1.352 1.55904 0.8 0.748 0.356 0.536 0.352 5000 5000 
geffe96_74.cnf 0.596 1.17228 0.4 0.888 0.28 0.46 0.068 5000 5000 
geffe96_75.cnf 0.696 1.54115 0.7 1.36 0.228 0.236 0.348 5000 5000 
geffe96_76.cnf 1.72 2.25054 0.5 0.448 0.38 0.42 0.924 5000 5000 
geffe96_77.cnf 1.072 3.69763 1.1 0.124 0.012 0.252 0.012 5000 5000 
geffe96_78.cnf 0.964 1.56156 1.1 1.484 0.244 0.712 0.032 5000 5000 
geffe96_79.cnf 2.852 4.66451 1.6 0.968 0.04 0.084 0.356 5000 5000 
geffe96_8.cnf 2.328 0.9473 1.3 1.144 0.06 0.256 0.252 5000 5000 
geffe96_80.cnf 1.348 4.11291 0.3 1.528 0.408 0.908 1.056 5000 5000 
geffe96_81.cnf 1.524 3.27628 0.2 0.336 0.564 0.048 0.148 5000 5000 
geffe96_82.cnf 0.824 0.439006 1.7 0.208 0.124 0.16 0.412 5000 5000 
geffe96_83.cnf 0.608 0.586176 1.3 1.228 0.324 0.356 0.812 5000 5000 
geffe96_84.cnf 1.092 0.389343 1 0.78 0.076 0.28 0.508 5000 5000 
geffe96_85.cnf 1.164 1.12499 1.7 1.252 0.176 0.632 0.228 5000 5000 
geffe96_86.cnf 0.644 1.60707 1 0.676 0.1 0.184 0.108 5000 5000 
geffe96_87.cnf 1.636 6.1499 0.3 0.62 0.392 0.156 0.948 5000 5000 
geffe96_88.cnf 1.376 0.28159 0.4 1.3 0.536 1.424 0.44 5000 5000 
geffe96_89.cnf 1.94 2.48098 0.9 1.812 0.276 0.112 0.684 5000 5000 
geffe96_9.cnf 0.636 4.20112 2 1.452 0.78 0.736 0.336 5000 5000 
geffe96_90.cnf 0.296 4.17741 1 0.036 0.372 0.672 0.032 5000 5000 
geffe96_91.cnf 0.768 1.54833 0.3 0.672 0.208 0.304 0.404 5000 5000 
geffe96_92.cnf 0.696 4.60673 0.3 1.748 0.532 0.272 0.572 5000 5000 
geffe96_93.cnf 0.964 1.11844 1.7 0.36 0.152 0.112 0.484 5000 5000 
geffe96_94.cnf 0.5 0.749665 1.1 1.128 0.452 1.204 1.324 5000 5000 
geffe96_95.cnf 0.896 4.41308 2.1 2.56 0.636 1.62 1.4 5000 5000 
geffe96_96.cnf 1.98 2.82004 1.2 0.62 0.36 0.14 0.12 5000 5000 
geffe96_97.cnf 3.044 0.944093 0.8 0.192 0.244 0.176 0.16 5000 5000 
geffe96_98.cnf 1.728 2.13999 0.3 0.696 0.54 0.66 0.768 5000 5000 
geffe96_99.cnf 0.936 2.44696 0.7 0.528 0.136 0.316 0.272 5000 5000 
