Instance abcdsat CryptoMiniSat5 Lingeling MapleCOMSPS MiniSat2.2 Riss6 Rokk CSSC DCCA
geffe64_0.cnf 0.436 0.137711 0.1 0.22 0.188 0.02 0.176 3990 5000 
geffe64_1.cnf 0.868 0.0724991 0.4 0.164 0.204 0.04 0.176 5000 5000 
geffe64_10.cnf 0.812 0.266718 0.2 0.308 0.072 0.072 0.076 895 5000 
geffe64_11.cnf 0.204 0.282484 0.3 0.332 0.108 0.036 0.152 969 5000 
geffe64_12.cnf 0.832 0.640979 0.3 0.12 0.032 0.056 0.312 5000 5000 
geffe64_13.cnf 0.232 0.0694587 0.3 0.412 0.1 0.04 0.056 5000 5000 
geffe64_14.cnf 0.236 0.701567 0.1 0.364 0.036 0.016 0.052 5000 0.1 
geffe64_15.cnf 0.888 0.0621978 0.5 0.228 0.152 0.112 0.272 5000 5000 
geffe64_16.cnf 0.912 0.191585 0.3 0.144 0.044 0.04 0.076 1700 5000 
geffe64_17.cnf 0.428 0.277494 0.5 0.164 0.1 0.1 0.124 5000 4495.52 
geffe64_18.cnf 1.396 0.100118 1.1 0.104 0.032 0.116 0.328 5000 2450.55 
geffe64_19.cnf 0.82 0.556513 0.3 0.78 0.164 0.072 0.104 3976 5000 
geffe64_2.cnf 0.74 0.142145 0.3 0.252 0.284 0.124 0.168 2693 3384.51 
geffe64_20.cnf 0.572 0.125332 0.2 0.128 0.04 0.02 0.196 5000 0.11 
geffe64_21.cnf 1.328 0.875777 0.2 0.16 0.26 0.016 0.112 698 5000 
geffe64_22.cnf 0.452 0.283706 0.2 0.22 0.092 0.052 0.208 1561 5000 
geffe64_23.cnf 0.404 0.231064 0.2 1.624 0.032 0.012 0.152 276 162.28 
geffe64_24.cnf 0.608 0.493207 0.5 0.08 0.148 0.016 0.036 28 5000 
geffe64_25.cnf 0.176 0.526813 0.4 1.332 0.104 0.06 0.228 5000 5000 
geffe64_26.cnf 0.376 0.330412 0.5 0.244 0.104 0.068 0.116 5000 5000 
geffe64_27.cnf 0.62 0.38691 0.2 0.388 0.192 0.072 0.184 5000 5000 
geffe64_28.cnf 1.176 0.0555967 0.5 0.352 0.116 0.036 0.196 5000 5000 
geffe64_29.cnf 0.092 0.809792 0.9 0.504 0.1 0.204 0.176 5000 5000 
geffe64_3.cnf 0.732 0.453279 1.3 0.356 0.048 0.016 0.356 5000 5000 
geffe64_30.cnf 0.556 0.0744104 0.8 0.136 0.128 0.016 0.24 401 456.72 
geffe64_31.cnf 0.564 0.910224 0.2 0.156 0.112 0.088 0.156 22 4695.54 
geffe64_32.cnf 0.964 0.487494 0.3 0.592 0.036 0.136 0.136 5000 5000 
geffe64_33.cnf 0.692 0.0921465 0.6 1.048 0.176 0.024 0.292 5000 5000 
geffe64_34.cnf 0.244 0.48664 0.3 0.164 0.132 0.072 0.056 5000 5000 
geffe64_35.cnf 0.7 0.347393 0.3 0.428 0.092 0.196 0.036 5000 5000 
geffe64_36.cnf 0.636 0.382427 0.7 0.012 0.104 0.044 0.264 5000 5000 
geffe64_37.cnf 0.636 0.0992809 0.6 0.476 0.208 0.18 0.044 4858 5000 
geffe64_38.cnf 0.6 0.287328 0.3 0.164 0.068 0.012 0.284 1207 5000 
geffe64_39.cnf 0.992 0.0436959 1 0.868 0.144 0.264 0.204 4759 5000 
geffe64_4.cnf 0.164 0.499809 0.2 0.364 0.02 0.016 0.024 3034 5000 
geffe64_40.cnf 0.568 0.923298 0.4 0.256 0.148 0.076 0.428 5000 4075.39 
geffe64_41.cnf 0.532 0.152667 0.2 0.464 0.136 0.016 0.152 5000 5000 
geffe64_42.cnf 0.588 0.0843208 0.1 0.148 0.14 0.032 0.212 5000 5000 
geffe64_43.cnf 0.708 0.264462 0.2 0.82 0.084 0.148 0.1 5000 5000 
geffe64_44.cnf 0.988 0.134491 0.4 0.468 0.176 0.172 0.3 5000 5000 
geffe64_45.cnf 0.356 0.641845 0.6 0.496 0.224 0.06 0.112 5000 3051.82 
geffe64_46.cnf 0.272 0.088039 0.2 0.428 0.124 0.012 0.316 5000 5000 
geffe64_47.cnf 0.228 0.0879869 0.3 0.616 0.18 0.016 0.056 5000 4821.33 
geffe64_48.cnf 0.368 0.283189 0.2 0.208 0.168 0.076 0.06 5000 5000 
geffe64_49.cnf 0.496 0.518966 0.2 1.1 0.156 0.144 0.068 5000 5000 
geffe64_5.cnf 0.768 0.454908 0.1 0.48 0.112 0.116 0.224 5000 5000 
geffe64_50.cnf 0.204 0.301571 0.3 0.552 0.012 0.084 0.028 2441 5000 
geffe64_51.cnf 0.408 0.0852885 0.1 0.12 0.148 0.128 0.064 5000 5000 
geffe64_52.cnf 0.292 0.225841 0.1 0.132 0.048 0.188 0.092 2370 5000 
geffe64_53.cnf 0.836 0.277668 0.8 0.724 0.116 0.016 0.14 3592 466.03 
geffe64_54.cnf 0.224 0.190715 0.4 0.38 0.024 0.208 0.032 5000 5000 
geffe64_55.cnf 0.52 0.282694 0.7 0.608 0.068 0.052 0.096 5000 5000 
geffe64_56.cnf 0.108 0.158382 1.1 0.288 0.048 0.016 0.06 2167 5000 
geffe64_57.cnf 0.34 0.37662 0.2 0.052 0.112 0.204 0.14 5000 5000 
geffe64_58.cnf 0.312 0.310857 0.3 0.456 0.044 0.064 0.256 5000 5000 
geffe64_59.cnf 0.716 0.170798 0.4 0.096 0.208 0.012 0.148 5000 5000 
geffe64_6.cnf 0.74 0.148965 0.2 0.628 0.1 0.04 0.04 5000 5000 
geffe64_60.cnf 0.64 1.037 0.5 0.632 0.112 0.02 0.136 2992 5000 
geffe64_61.cnf 0.812 0.381606 0.4 0.184 0.036 0.16 0.156 5000 1900.35 
geffe64_62.cnf 0.116 0.211117 0.8 0.284 0.16 0.212 0.112 5000 4275.82 
geffe64_63.cnf 0.696 0.156589 0.2 0.32 0.064 0.016 0.244 5000 5000 
geffe64_64.cnf 0.48 1.17668 1 0.228 0.028 0.116 0.028 2607 5000 
geffe64_65.cnf 0.34 0.420255 0.3 0.04 0.156 0.056 0.036 5000 754.73 
geffe64_66.cnf 0.66 0.155814 0.5 0.416 0.048 0.232 0.108 5000 5000 
geffe64_67.cnf 0.696 0.204176 1.9 0.464 0.212 0.152 0.164 5000 5000 
geffe64_68.cnf 0.476 0.315504 0.3 0.144 0.1 0.184 0.076 5000 5000 
geffe64_69.cnf 0.216 0.548806 0.5 0.688 0.292 0.008 0.22 1427 1110.99 
geffe64_7.cnf 0.984 0.195846 0.4 0.276 0.36 0.104 0.04 5000 5000 
geffe64_70.cnf 0.464 0.231772 1.2 0.484 0.108 0.208 0.044 5000 4272.72 
geffe64_71.cnf 1.184 0.222511 0.3 0.2 0.1 0.012 0.044 5000 5000 
geffe64_72.cnf 0.78 0.257488 0.2 0.328 0.044 0.056 0.136 5000 5000 
geffe64_73.cnf 0.376 0.258718 0.4 0.088 0.084 0.124 0.044 5000 5000 
geffe64_74.cnf 0.26 0.725488 0.4 0.108 0.06 0.012 0.216 667 5000 
geffe64_75.cnf 0.672 0.384513 0.2 0.348 0.06 0.036 0.112 5000 5000 
geffe64_76.cnf 0.3 0.219274 0.3 0.176 0.14 0.12 0.164 5000 5000 
geffe64_77.cnf 0.888 0.275462 0.2 0.7 0.032 0.024 0.18 193 3860.34 
geffe64_78.cnf 0.524 0.124411 0.2 0.204 0.16 0.06 0.24 4959 5000 
geffe64_79.cnf 0.464 0.157046 0.4 0.8 0.052 0.168 0.18 5000 5000 
geffe64_8.cnf 0.376 0.304399 0.4 0.14 0.132 0.012 0.096 5000 5000 
geffe64_80.cnf 0.484 0.101477 0.3 0.124 0.188 0.104 0.072 5000 5000 
geffe64_81.cnf 0.352 0.39196 0.4 0.284 0.048 0.076 0.224 4500 5000 
geffe64_82.cnf 0.836 0.045659 0.4 0.096 0.056 0.056 0.052 2344 5000 
geffe64_83.cnf 0.696 0.139626 0.2 0.512 0.044 0.024 0.036 5000 5000 
geffe64_84.cnf 0.228 0.260818 1.3 0.172 0.12 0.028 0.064 1297 5000 
geffe64_85.cnf 0.644 0.488247 0.6 1.124 0.076 0.016 0.324 2546 5000 
geffe64_86.cnf 0.496 0.257613 0.2 0.448 0.128 0.048 0.124 3782 5000 
geffe64_87.cnf 0.936 0.0291122 0.3 0.068 0.04 0.192 0.068 5000 5000 
geffe64_88.cnf 0.564 0.427271 0.3 0.472 0.028 0.012 0.324 5000 5000 
geffe64_89.cnf 0.272 0.478781 0.6 1.608 0.092 0.304 0.112 5000 5000 
geffe64_9.cnf 0.248 0.733326 0.2 0.816 0.056 0.016 0.088 51 5000 
geffe64_90.cnf 0.672 0.228726 0.7 1.616 0.04 0.016 0.16 2114 5000 
geffe64_91.cnf 0.616 0.207927 0.6 0.912 0.204 0.076 0.148 5000 5000 
geffe64_92.cnf 0.424 0.155557 0.8 0.164 0.164 0.012 0.116 5000 5000 
geffe64_93.cnf 0.312 0.256546 0.3 0.272 0.076 0.068 0.116 5000 5000 
geffe64_94.cnf 0.228 0.50176 0.3 0.052 0.028 0.196 0.064 5000 5000 
geffe64_95.cnf 0.92 0.16179 0.5 0.356 0.188 0.016 0.224 5000 5000 
geffe64_96.cnf 0.392 0.253946 0.5 0.032 0.072 0.104 0.032 5000 5000 
geffe64_97.cnf 0.324 0.501176 0.4 0.34 0.056 0.088 0.22 5000 5000 
geffe64_98.cnf 0.66 0.105024 1 0.06 0.068 0.124 0.112 5000 5000 
geffe64_99.cnf 0.412 0.763968 0.2 0.06 0.012 0.024 0.008 5000 5000 
geffe96_0.cnf 0.384 6.23458 2.8 0.496 0.96 2.264 2.032 5000 5000 
geffe96_1.cnf 0.632 4.86714 0.8 0.38 0.212 0.756 0.248 5000 5000 
geffe96_10.cnf 3.184 3.46928 0.4 1.488 0.28 0.152 0.072 5000 5000 
geffe96_11.cnf 1.432 3.61193 0.8 0.72 0.1 0.244 0.624 5000 5000 
geffe96_12.cnf 0.9 1.87719 1.4 0.712 0.356 0.704 0.928 5000 5000 
geffe96_13.cnf 0.228 11.3333 2.1 1.24 0.076 0.42 0.792 5000 5000 
geffe96_14.cnf 2 0.256484 1.4 0.5 0.1 0.076 0.808 5000 5000 
geffe96_15.cnf 1.34 7.09185 1.1 2.288 0.152 0.076 0.032 5000 5000 
geffe96_16.cnf 0.78 0.417051 0.7 1.36 0.08 0.564 0.388 5000 5000 
geffe96_17.cnf 0.548 2.15769 0.6 0.708 0.124 0.68 0.184 5000 5000 
geffe96_18.cnf 1.56 2.23476 2.7 1.12 0.576 0.424 0.356 5000 5000 
geffe96_19.cnf 2.256 1.50169 1.3 1.644 0.212 0.04 0.336 5000 5000 
geffe96_2.cnf 0.828 5.05 1 3.8 0.672 0.772 0.248 5000 5000 
geffe96_20.cnf 3.084 3.12213 1.4 0.176 0.388 0.04 0.6 5000 5000 
geffe96_21.cnf 0.524 6.11001 1.1 0.724 0.632 0.14 0.908 5000 5000 
geffe96_22.cnf 1.428 0.610736 0.7 1.356 0.288 1.644 0.792 5000 5000 
geffe96_23.cnf 1.428 3.2674 1.4 0.028 0.26 0.868 0.592 5000 5000 
geffe96_24.cnf 0.836 1.49298 2.1 1.032 0.396 0.38 0.584 5000 5000 
geffe96_25.cnf 0.776 0.557736 0.2 0.88 0.692 0.012 0.304 5000 5000 
geffe96_26.cnf 1.4 3.43094 2 0.496 0.32 0.36 0.54 5000 5000 
geffe96_27.cnf 3.34 6.46333 1.4 0.16 0.04 0.788 0.124 5000 5000 
geffe96_28.cnf 1.032 1.59795 1.6 1.304 0.196 0.552 0.412 5000 5000 
geffe96_29.cnf 1.864 5.55748 1.8 2.224 0.064 0.736 0.528 5000 5000 
geffe96_3.cnf 1.056 0.032506 0.8 1.2 0.324 0.876 0.264 5000 5000 
geffe96_30.cnf 0.052 4.06293 0.2 1.616 0.928 1.168 0.768 5000 5000 
geffe96_31.cnf 5.404 3.51831 0.2 0.676 0.676 0.184 0.74 5000 5000 
geffe96_32.cnf 1.496 2.21533 0.6 0.48 0.012 1.048 0.016 5000 5000 
geffe96_33.cnf 1.912 2.5634 0.7 1.852 0.036 1.044 0.232 5000 5000 
geffe96_34.cnf 0.224 0.337874 0.7 0.536 0.044 0.296 0.48 5000 5000 
geffe96_35.cnf 0.696 1.07654 0.8 0.608 0.148 0.528 0.844 5000 5000 
geffe96_36.cnf 0.444 1.6869 0.7 0.448 0.212 0.788 0.296 5000 5000 
geffe96_37.cnf 0.04 1.35432 0.9 0.28 0.296 0.652 0.304 5000 5000 
geffe96_38.cnf 0.96 8.62755 1.9 2.072 0.4 0.636 0.28 5000 5000 
geffe96_39.cnf 1.612 2.21893 1.8 1.348 0.288 0.416 0.208 5000 5000 
geffe96_4.cnf 2.064 5.52791 1 2.416 0.34 0.852 0.028 5000 5000 
geffe96_40.cnf 1.064 0.881428 2.5 1.392 0.192 0.268 0.656 5000 5000 
geffe96_41.cnf 0.888 1.43798 1.1 0.928 0.108 0.156 0.08 5000 5000 
geffe96_42.cnf 1.512 0.921767 0.4 0.836 0.156 0.312 0.448 5000 5000 
geffe96_43.cnf 1.544 3.46904 0.8 0.704 0.144 0.5 0.032 5000 5000 
geffe96_44.cnf 1.24 1.57941 0.8 1.084 0.084 0.444 0.156 5000 5000 
geffe96_45.cnf 1.972 1.67675 0.3 0.064 0.132 0.028 0.484 5000 5000 
geffe96_46.cnf 0.796 0.440248 0.4 2.096 0.444 0.088 0.472 5000 5000 
geffe96_47.cnf 0.02 4.04651 0.6 1.048 0.264 0.416 0.204 5000 5000 
geffe96_48.cnf 0.808 1.34533 1 0.224 0.164 0.42 1.104 5000 5000 
geffe96_49.cnf 0.208 1.19003 0.6 1.052 0.448 0.456 0.772 5000 5000 
geffe96_5.cnf 2.62 0.951474 0.4 0.376 0.364 0.356 0.08 5000 5000 
geffe96_50.cnf 0.2 3.31524 0.9 0.7 0.456 0.404 0.548 5000 5000 
geffe96_51.cnf 2.28 3.32702 0.2 2.292 0.02 0.992 0.024 5000 5000 
geffe96_52.cnf 1.452 0.422869 0.3 0.864 0.236 0.54 0.536 5000 5000 
geffe96_53.cnf 1.676 3.75886 1.4 1.328 0.5 0.412 0.064 5000 5000 
geffe96_54.cnf 2.36 1.46272 1.2 2.092 0.296 1.872 0.412 5000 5000 
geffe96_55.cnf 1.112 0.276958 0.7 0.132 0.168 0.332 0.832 5000 5000 
geffe96_56.cnf 0.68 0.895371 2.6 1.224 0.164 0.46 0.332 5000 5000 
geffe96_57.cnf 4.64 5.78982 0.5 4.208 0.456 0.18 1.82 5000 5000 
geffe96_58.cnf 0.068 0.847506 0.4 0.2 0.328 0.484 0.444 5000 5000 
geffe96_59.cnf 1.772 3.868 1.2 1.684 0.044 0.084 1.076 5000 5000 
geffe96_6.cnf 1.276 3.12013 2.3 0.208 0.684 1.336 0.708 5000 5000 
geffe96_60.cnf 1.692 0.893041 0.4 1.34 0.092 0.656 0.452 5000 5000 
geffe96_61.cnf 2.016 2.94697 1 1.496 0.628 0.284 0.284 5000 5000 
geffe96_62.cnf 0.012 1.81433 1.1 0.832 0.452 0.28 0.088 5000 5000 
geffe96_63.cnf 0.804 4.94042 0.9 0.976 0.252 0.652 0.104 5000 5000 
geffe96_64.cnf 3.06 0.941658 1.9 1.264 0.6 1.256 0.352 5000 5000 
geffe96_65.cnf 0.052 1.36997 1 0.396 0.156 0.536 0.3 5000 5000 
geffe96_66.cnf 0.072 1.07464 1 1.292 0.12 0.156 0.364 5000 5000 
geffe96_67.cnf 0.892 1.10297 0.7 1.02 0.064 0.684 0.68 5000 5000 
geffe96_68.cnf 0.956 3.18714 0.6 1.608 0.116 0.136 0.448 5000 5000 
geffe96_69.cnf 1.404 3.06822 1.6 0.192 0.34 0.104 0.136 5000 5000 
geffe96_7.cnf 0.3 1.08319 0.8 0.052 0.116 0.052 0.256 5000 5000 
geffe96_70.cnf 2.008 4.50903 0.2 2.272 0.004 1.48 0.008 5000 5000 
geffe96_71.cnf 0.44 0.691404 1.2 2.228 0.048 0.156 0.6 5000 5000 
geffe96_72.cnf 0.6 0.14229 0.5 0.912 0.352 0.232 0.52 5000 5000 
geffe96_73.cnf 1.352 1.55904 0.8 0.748 0.356 0.536 0.352 5000 5000 
geffe96_74.cnf 0.596 1.17228 0.4 0.888 0.28 0.46 0.068 5000 5000 
geffe96_75.cnf 0.696 1.54115 0.7 1.36 0.228 0.236 0.348 5000 5000 
geffe96_76.cnf 1.72 2.25054 0.5 0.448 0.38 0.42 0.924 5000 5000 
geffe96_77.cnf 1.072 3.69763 1.1 0.124 0.012 0.252 0.012 5000 5000 
geffe96_78.cnf 0.964 1.56156 1.1 1.484 0.244 0.712 0.032 5000 5000 
geffe96_79.cnf 2.852 4.66451 1.6 0.968 0.04 0.084 0.356 5000 5000 
geffe96_8.cnf 2.328 0.9473 1.3 1.144 0.06 0.256 0.252 5000 5000 
geffe96_80.cnf 1.348 4.11291 0.3 1.528 0.408 0.908 1.056 5000 5000 
geffe96_81.cnf 1.524 3.27628 0.2 0.336 0.564 0.048 0.148 5000 5000 
geffe96_82.cnf 0.824 0.439006 1.7 0.208 0.124 0.16 0.412 5000 5000 
geffe96_83.cnf 0.608 0.586176 1.3 1.228 0.324 0.356 0.812 5000 5000 
geffe96_84.cnf 1.092 0.389343 1 0.78 0.076 0.28 0.508 5000 5000 
geffe96_85.cnf 1.164 1.12499 1.7 1.252 0.176 0.632 0.228 5000 5000 
geffe96_86.cnf 0.644 1.60707 1 0.676 0.1 0.184 0.108 5000 5000 
geffe96_87.cnf 1.636 6.1499 0.3 0.62 0.392 0.156 0.948 5000 5000 
geffe96_88.cnf 1.376 0.28159 0.4 1.3 0.536 1.424 0.44 5000 5000 
geffe96_89.cnf 1.94 2.48098 0.9 1.812 0.276 0.112 0.684 5000 5000 
geffe96_9.cnf 0.636 4.20112 2 1.452 0.78 0.736 0.336 5000 5000 
geffe96_90.cnf 0.296 4.17741 1 0.036 0.372 0.672 0.032 5000 5000 
geffe96_91.cnf 0.768 1.54833 0.3 0.672 0.208 0.304 0.404 5000 5000 
geffe96_92.cnf 0.696 4.60673 0.3 1.748 0.532 0.272 0.572 5000 5000 
geffe96_93.cnf 0.964 1.11844 1.7 0.36 0.152 0.112 0.484 5000 5000 
geffe96_94.cnf 0.5 0.749665 1.1 1.128 0.452 1.204 1.324 5000 5000 
geffe96_95.cnf 0.896 4.41308 2.1 2.56 0.636 1.62 1.4 5000 5000 
geffe96_96.cnf 1.98 2.82004 1.2 0.62 0.36 0.14 0.12 5000 5000 
geffe96_97.cnf 3.044 0.944093 0.8 0.192 0.244 0.176 0.16 5000 5000 
geffe96_98.cnf 1.728 2.13999 0.3 0.696 0.54 0.66 0.768 5000 5000 
geffe96_99.cnf 0.936 2.44696 0.7 0.528 0.136 0.316 0.272 5000 5000 
geffe128_0.cnf 47.368 123.932 94.9 3.256 7.496 24.68 23.556 5000 5000 
geffe128_1.cnf 1.132 17.5858 3.2 7.636 4.28 7.872 3.728 5000 5000 
geffe128_10.cnf 2.244 14.447 5.4 11.5 0.548 11.532 14.98 5000 5000 
geffe128_11.cnf 8.18 42.5576 10.8 9.128 23.544 2.14 17.532 5000 5000 
geffe128_12.cnf 17.32 21.3911 4.8 4.892 1.708 6.376 5.444 5000 5000 
geffe128_13.cnf 2.156 4.06391 17.2 10.824 1.832 1.336 13.904 5000 5000 
geffe128_14.cnf 20.636 2.11754 53.3 52.028 3.952 17.28 11.036 5000 5000 
geffe128_15.cnf 3.308 17.6962 12 15.292 5.208 40.108 22.328 5000 5000 
geffe128_16.cnf 2.2 6.10333 23 35.408 0.568 5.088 10.552 5000 5000 
geffe128_17.cnf 21.272 33.0735 0.2 37.744 5.868 11.644 12.624 5000 5000 
geffe128_18.cnf 1.836 2.6423 1 6.3 1.496 1.572 0.288 5000 5000 
geffe128_19.cnf 4.124 12.5412 12.1 15.6 5.752 6.076 9.724 5000 5000 
geffe128_2.cnf 32.68 23.3527 30.1 2.468 8.652 21.608 17.016 5000 5000 
geffe128_20.cnf 9.888 26.2252 34.7 23.332 7.32 14.904 31.28 5000 5000 
geffe128_21.cnf 16.492 66.9294 27.5 53.032 3.976 7.692 8.612 5000 5000 
geffe128_22.cnf 34.932 7.73743 3.3 68.188 5.448 17.792 11.196 5000 5000 
geffe128_23.cnf 9.984 7.45673 4.7 17.468 19.52 4.54 16.6 5000 5000 
geffe128_24.cnf 2.508 21.0486 4.8 25.992 5.892 3.616 16.752 5000 5000 
geffe128_25.cnf 26.024 15.9641 15.3 28.248 0.588 13.684 9.8 5000 5000 
geffe128_26.cnf 12.06 20.1212 9.7 15.184 3.844 4.884 3.472 5000 5000 
geffe128_27.cnf 0.904 42.9093 15.1 12.928 19.8 6.076 12.168 5000 5000 
geffe128_28.cnf 11.88 9.822 6.5 2.172 9.744 1.84 9.344 5000 5000 
geffe128_29.cnf 13.256 4.24702 11.3 17.032 1.776 10.512 7.8 5000 5000 
geffe128_3.cnf 9.18 22.9015 47.3 20.28 28.56 6.98 22.216 5000 5000 
geffe128_30.cnf 1.7 37.8133 37.6 0.332 31.348 31.048 27.82 5000 5000 
geffe128_31.cnf 15.432 32.0342 49.9 47.024 3.272 6.904 21.768 5000 5000 
geffe128_32.cnf 2.284 33.498 26.3 14.952 15.324 6.876 7.92 5000 5000 
geffe128_33.cnf 1.224 15.9816 20.4 24.368 6.284 3.74 3.904 5000 5000 
geffe128_34.cnf 10.82 3.25398 9.3 6.916 2.124 5.088 7.14 5000 5000 
geffe128_35.cnf 7.184 43.0316 6.6 0.448 15.608 3.284 26.284 5000 5000 
geffe128_36.cnf 18.492 15.395 46.6 9.228 1.896 16.12 14.376 5000 5000 
geffe128_37.cnf 16.764 24.1431 19.8 16.712 14.892 13.128 12.608 5000 5000 
geffe128_38.cnf 25.024 3.17409 11.7 11.752 2.62 21.848 5.656 5000 5000 
geffe128_39.cnf 6.268 19.1324 14.2 31.1 4.684 8.148 3.828 5000 5000 
geffe128_4.cnf 1.46 34.2698 6.5 12.536 2.96 10.568 7.976 5000 5000 
geffe128_40.cnf 5.832 7.49724 1.1 21.212 5.808 1.344 2.768 5000 5000 
geffe128_41.cnf 12.936 21.5265 14 25.024 8.608 7.604 1.424 5000 5000 
geffe128_42.cnf 9.372 9.56462 8.4 31.2 14.048 7.06 0.692 5000 5000 
geffe128_43.cnf 3.508 18.0303 9.8 33.768 3.764 1.156 11.516 5000 5000 
geffe128_44.cnf 1.988 7.82942 38.3 46.248 16.86 24.912 29.276 5000 5000 
geffe128_45.cnf 4.896 41.8098 39.8 32.64 39.028 6.868 4.76 5000 5000 
geffe128_46.cnf 0.656 3.5929 11.2 15.932 7.66 7.292 7.064 5000 5000 
geffe128_47.cnf 1.64 25.7644 28.3 19.264 19.136 23.7 1.372 5000 5000 
geffe128_48.cnf 2.544 19.6743 2.1 16.72 13.484 3.376 7.096 5000 5000 
geffe128_49.cnf 2.624 15.6878 10.8 9.3 0.244 2.856 6.54 5000 5000 
geffe128_5.cnf 13.224 28.4497 15.1 18.38 9.188 8.792 61.568 5000 5000 
geffe128_50.cnf 5.3 11.9281 4.7 10.48 5.996 6.352 6.92 5000 5000 
geffe128_51.cnf 1.432 2.9167 8.1 4.4 4.6 4.324 5.008 5000 5000 
geffe128_52.cnf 11.012 89.7413 10.9 21.056 10.348 7.748 20.632 5000 5000 
geffe128_53.cnf 5.252 16.3689 16.4 20.436 6.008 4.604 8.072 5000 5000 
geffe128_54.cnf 9.028 1.15558 31.1 16.2 6.74 41.472 2.504 5000 5000 
geffe128_55.cnf 1.956 4.42805 8 13.48 2.428 7.312 10.968 5000 5000 
geffe128_56.cnf 13.7 43.4852 39 44.268 30.092 16.588 31.4 5000 5000 
geffe128_57.cnf 4.8 33.1175 2.3 24.664 4.952 4.312 13.02 5000 5000 
geffe128_58.cnf 24.156 25.5916 13.6 40.86 9.66 0.148 9.928 5000 5000 
geffe128_59.cnf 3.592 9.49987 1.9 6.756 5.188 2.72 5.056 5000 5000 
geffe128_6.cnf 10.736 23.0362 2.6 9.096 5.636 4.564 8.028 5000 5000 
geffe128_60.cnf 1.388 13.2192 2.7 18.088 4.532 6.34 3.356 5000 5000 
geffe128_61.cnf 3.164 16.8411 8.7 35.112 5.836 4.372 9.824 5000 5000 
geffe128_62.cnf 3.956 4.36048 19.6 12.396 3.44 6.428 12.132 5000 5000 
geffe128_63.cnf 0.616 8.10705 3.4 14.236 4.608 6.928 8.24 5000 5000 
geffe128_64.cnf 7.172 8.92452 11.5 11.032 3.52 4.176 6.116 5000 5000 
geffe128_65.cnf 13.076 0.602837 15.5 31.204 0.588 3.284 13.172 5000 5000 
geffe128_66.cnf 18.112 10.6226 1.8 13.44 6.804 8.86 2.508 5000 5000 
geffe128_67.cnf 10.152 47.7368 15.4 10.464 14.156 14.916 30.464 5000 5000 
geffe128_68.cnf 14.892 11.7191 28.4 24.008 3.344 16.948 1.536 5000 5000 
geffe128_69.cnf 3.212 1.55556 10.2 35.084 13.576 5.42 10.62 5000 5000 
geffe128_7.cnf 14.804 6.14381 14.1 13.888 0.384 6.068 6.496 5000 5000 
geffe128_70.cnf 12.468 24.7186 6.1 9.516 10.068 2.096 4.54 5000 5000 
geffe128_71.cnf 21.392 27.3247 32.6 56.476 6.844 0.576 14.292 5000 5000 
geffe128_72.cnf 5.4 19.3796 9.2 15.168 5.728 2.524 6.808 5000 5000 
geffe128_73.cnf 12.988 13.2804 13.1 7.156 2.02 0.052 2.784 5000 5000 
geffe128_74.cnf 11.468 25.2197 40.7 30.792 1.66 8.044 2.644 5000 5000 
geffe128_75.cnf 5.716 6.01245 6.4 3.72 8.064 4.768 22.716 5000 5000 
geffe128_76.cnf 18.184 33.0918 17.4 6.308 6.164 0.872 12.66 5000 5000 
geffe128_77.cnf 4.552 6.01301 11.4 5.196 17.36 0.296 8.372 5000 5000 
geffe128_78.cnf 11.192 91.2336 6.3 57.436 15.796 3.916 25.9 5000 5000 
geffe128_79.cnf 20.692 38.0004 12.1 60.268 18.832 5.588 6.992 5000 5000 
geffe128_8.cnf 6.592 16.8495 9.2 9.2 1.32 1.392 0.16 5000 5000 
geffe128_80.cnf 7.228 16.0225 15.7 4.896 1.984 8.136 8.94 5000 5000 
geffe128_81.cnf 7.996 36.9176 8.1 50.068 5.036 1.092 4.44 5000 5000 
geffe128_82.cnf 18.04 11.1521 65 58.276 14.252 24.884 7.916 5000 5000 
geffe128_83.cnf 20.732 2.55608 24.5 13.772 6.208 14.916 12.824 5000 5000 
geffe128_84.cnf 1.96 15.1531 2.9 22.224 4.808 0.24 11.98 5000 5000 
geffe128_85.cnf 29.636 15.6585 6.3 21.936 2.224 2.852 2.556 5000 5000 
geffe128_86.cnf 5.104 15.2979 7.3 7.976 6.124 10.856 7.152 5000 5000 
geffe128_87.cnf 11.06 34.7204 6.7 8.364 13.832 14.284 12.664 5000 5000 
geffe128_88.cnf 3.792 14.9829 3.4 10.324 7.84 3.032 0.924 5000 5000 
geffe128_89.cnf 6.52 10.4288 28.8 10.768 7.432 1.612 1.368 5000 5000 
geffe128_9.cnf 20.26 20.1675 4.4 6.612 4.916 3.096 9.12 5000 5000 
geffe128_90.cnf 14.096 4.80605 17 14.772 3.216 1.364 7.624 5000 5000 
geffe128_91.cnf 5.8 5.15747 2.2 14.248 7.952 7.54 1.96 5000 5000 
geffe128_92.cnf 6.288 7.45316 16.2 19.544 8.24 10.92 3.424 5000 5000 
geffe128_93.cnf 5.56 14.8902 7.3 14.008 3.776 1.704 6.28 5000 5000 
geffe128_94.cnf 8.452 30.7723 33.8 15.16 3.856 10.4 0.392 5000 5000 
geffe128_95.cnf 32.956 45.6412 29.8 17.88 6.032 9.428 17.716 5000 5000 
geffe128_96.cnf 39.472 37.8902 11.7 20.872 11.208 9.04 99.94 5000 5000 
geffe128_97.cnf 3.664 9.82575 19.9 47.78 15.632 0.916 6.576 5000 5000 
geffe128_98.cnf 7.592 6.93545 4.9 12.656 6.316 2.48 2.7 5000 5000 
geffe128_99.cnf 7.58 23.1891 11.3 25.96 2.284 13.716 5.828 5000 5000 
geffe160_0.cnf 4.988 22.322 21.4 5.588 7.252 16.788 9.008 5000 5000 
geffe160_1.cnf 5.568 8.7641 10.5 4.816 5.512 3.532 4.728 5000 5000 
geffe160_10.cnf 7.512 20.819 28 15.98 8.208 17.76 13.164 5000 5000 
geffe160_11.cnf 3.132 13.869 4.7 3.84 0.56 2.404 1.024 5000 5000 
geffe160_12.cnf 5.26 16.8325 14.3 10.468 4.772 5.356 3.896 5000 5000 
geffe160_13.cnf 6.464 14.4752 10.9 6.556 1.184 4.8 3.376 5000 5000 
geffe160_14.cnf 10.876 32.234 38.2 5.112 9.076 22.032 14.948 5000 5000 
geffe160_15.cnf 1.012 2.37624 9.5 4.388 0.632 1.884 1.124 5000 5000 
geffe160_16.cnf 3.576 9.98048 10.7 10.2 6.484 5.844 4.928 5000 5000 
geffe160_17.cnf 3.28 2.91211 6.5 2.96 1.224 1.92 1.688 5000 5000 
geffe160_18.cnf 6.496 9.99311 11.1 6.592 3.168 6.528 2.7 5000 5000 
geffe160_19.cnf 12.48 16.1491 24.2 11.068 8.452 18.316 7.228 5000 5000 
geffe160_2.cnf 0.992 0.325208 5.8 2.588 0.492 0.452 2.788 5000 5000 
geffe160_20.cnf 9.2 15.6022 17.3 4.012 5.036 6.188 2.648 5000 5000 
geffe160_21.cnf 12.876 17.291 44 12.588 19.688 22.628 2.212 5000 5000 
geffe160_22.cnf 1.92 0.508007 6.6 2.708 0.4 2.02 2.88 5000 5000 
geffe160_23.cnf 4.264 8.34877 12 5.94 3.956 3.368 3.624 5000 5000 
geffe160_24.cnf 5.872 17.0049 20.8 6.628 1.052 2.084 5.036 5000 5000 
geffe160_25.cnf 4.98 11.7599 12 3.56 8.14 5.244 0.68 5000 5000 
geffe160_26.cnf 4.288 5.50753 12.2 3.48 0.904 2.396 1.224 5000 5000 
geffe160_27.cnf 0.34 11.5595 17 7.66 0.632 4.76 0.804 5000 5000 
geffe160_28.cnf 3.096 14.8163 14.5 10.456 6.496 3.848 4.292 5000 5000 
geffe160_29.cnf 2.232 5.47967 5.7 5.744 1.16 5.112 4.82 5000 5000 
geffe160_3.cnf 1.292 2.73052 3.9 1.232 1.176 2.704 4.024 5000 5000 
geffe160_30.cnf 10.972 7.22437 17.6 8.652 8.636 1.248 5.148 5000 5000 
geffe160_31.cnf 6.832 6.25418 4.9 5.032 2.636 6.664 1.912 5000 5000 
geffe160_32.cnf 6.124 20.4676 20.7 13.168 20.164 27.076 5.64 5000 5000 
geffe160_33.cnf 3.544 18.4312 13.7 13.116 3.056 3.028 5.728 5000 5000 
geffe160_34.cnf 6.744 10.6629 8.3 6.584 2.24 8.332 4.428 5000 5000 
geffe160_35.cnf 1.052 1.13904 5.4 2.432 0.684 0.612 1.572 5000 5000 
geffe160_36.cnf 10.408 26.1131 28.4 23.704 21.548 19.432 17.22 5000 5000 
geffe160_37.cnf 6.548 23.3258 18.1 12.584 7.444 0.94 11.428 5000 5000 
geffe160_38.cnf 3.852 14.4397 14 5.688 0.964 4.644 3.756 5000 5000 
geffe160_39.cnf 10.38 22.7079 16.3 13.068 8.104 11.088 5.588 5000 5000 
geffe160_4.cnf 1.332 8.4451 6.8 4.26 2.404 2.408 2.856 5000 5000 
geffe160_40.cnf 3.34 2.26768 4.5 6.592 1.248 1.7 2.92 5000 5000 
geffe160_41.cnf 9.136 12.4736 4.6 10.052 16.756 0.9 2.288 5000 5000 
geffe160_42.cnf 7.904 18.5354 34.4 10.54 7.672 22.404 9.692 5000 5000 
geffe160_43.cnf 1.5 1.64986 5.4 2.816 0.888 12.688 2.42 5000 5000 
geffe160_44.cnf 7.964 20.7523 18.5 9.868 2.38 7.424 13.668 5000 5000 
geffe160_45.cnf 2.256 5.16883 6.8 0.472 2.248 2.728 2.716 5000 5000 
geffe160_46.cnf 2.824 6.2312 7.2 4.46 6.1 2.88 4.012 5000 5000 
geffe160_47.cnf 4.44 11.0288 11.7 6.444 3.192 4.62 5.984 5000 5000 
geffe160_48.cnf 6.012 11.8432 10.6 11.332 0.78 3.596 4.696 5000 5000 
geffe160_49.cnf 0.7 5.21753 8 2.884 3.268 8.376 5.372 5000 5000 
geffe160_5.cnf 7.712 10.3922 19.8 8.948 5.028 9.236 2.152 5000 5000 
geffe160_50.cnf 5.968 14.8964 20.7 11.82 6.352 5.216 4.004 5000 5000 
geffe160_51.cnf 11.588 17.3261 16.1 6.184 4.396 14.744 5.18 5000 5000 
geffe160_52.cnf 2.416 1.84119 2.5 0.392 0.908 0.08 1.548 5000 5000 
geffe160_53.cnf 10.624 17.5305 45.1 14.204 0.344 16.488 10.184 5000 5000 
geffe160_54.cnf 3.388 5.05275 3.9 4.432 2.4 2.884 0.668 5000 5000 
geffe160_55.cnf 6.628 21.6962 15.9 11.984 7.424 12.472 6.78 5000 5000 
geffe160_56.cnf 5.876 12.5633 18.1 15.996 4.904 9.992 6.292 5000 5000 
geffe160_57.cnf 14.364 21.0122 44.4 15.372 18.148 15.556 5.688 5000 5000 
geffe160_58.cnf 8.272 12.1438 8.7 8.816 6.008 3.884 5.78 5000 5000 
geffe160_59.cnf 5.872 12.5473 15.3 15.68 0.452 0.588 5.224 5000 5000 
geffe160_6.cnf 4.792 6.44112 6.6 3.156 1.804 1.252 2.592 5000 5000 
geffe160_60.cnf 11.692 22.9036 44 0.644 16.24 14.5 16.564 5000 5000 
geffe160_61.cnf 6.388 19.1438 17.3 9.984 6.228 5.892 10.444 5000 5000 
geffe160_62.cnf 5.752 8.40824 12.6 8.752 2.06 7.392 4.452 5000 5000 
geffe160_63.cnf 5.26 9.62247 11.2 3.172 1.32 5.796 5.48 5000 5000 
geffe160_64.cnf 1.148 2.90305 1.2 2.748 0.196 0.816 0.632 5000 5000 
geffe160_65.cnf 2.592 1.47256 6.8 3.656 1.132 0.032 2.584 5000 5000 
geffe160_66.cnf 5.808 9.47133 13.4 10.276 5.1 5.14 6.408 5000 5000 
geffe160_67.cnf 16.868 16.3615 49.7 22.412 6.948 37.316 14.04 5000 5000 
geffe160_68.cnf 3.396 4.02193 5.8 1.528 0.116 3.804 1.988 5000 5000 
geffe160_69.cnf 4.064 9.45623 6.6 6.816 4.304 7.76 7.396 5000 5000 
geffe160_7.cnf 8.124 14.9269 16.3 10.676 23.26 11.54 5.328 5000 5000 
geffe160_70.cnf 19.54 25.2929 37.7 30.424 15.492 17.532 19.444 5000 5000 
geffe160_71.cnf 7.736 14.7828 13.3 10.66 2.616 4.824 2.62 5000 5000 
geffe160_72.cnf 3.404 15.279 12.6 4.348 6.12 1.332 8.692 5000 5000 
geffe160_73.cnf 4.616 17.8771 22.1 1.468 3.128 13.644 7.008 5000 5000 
geffe160_74.cnf 6.752 14.8374 15.6 11.532 6.84 0.504 6.288 5000 5000 
geffe160_75.cnf 3.56 2.0003 9.4 7.008 2.432 8.852 3.084 5000 5000 
geffe160_76.cnf 7.432 13.6578 16.5 9.72 8.052 8.8 6.244 5000 5000 
geffe160_77.cnf 12.732 13.604 16.5 12.056 8.124 4.708 3.26 5000 5000 
geffe160_78.cnf 9.04 8.04056 9.5 5.46 1.36 6.972 2.516 5000 5000 
geffe160_79.cnf 15.112 23.0087 42.3 19.648 8.136 13.82 13.168 5000 5000 
geffe160_8.cnf 19.976 17.6663 22.5 11.492 12.04 12.248 11.804 5000 5000 
geffe160_80.cnf 4.804 6.32037 11.2 8.328 1.28 3.808 5.092 5000 5000 
geffe160_81.cnf 8.3 13.629 20.8 13.016 4.596 14.76 13.204 5000 5000 
geffe160_82.cnf 1.1 2.61563 3.4 2.46 1.124 1.268 0.788 5000 5000 
geffe160_83.cnf 3.928 10.2908 14.4 8.752 4.468 8.024 4.392 5000 5000 
geffe160_84.cnf 3.584 18.9095 21 2.824 15.252 4.768 2.96 5000 5000 
geffe160_85.cnf 21.04 30.9864 37.9 13.508 4.66 8.532 9.428 5000 5000 
geffe160_86.cnf 3.724 11.3522 11.1 5.64 2.068 4.596 6.144 5000 5000 
geffe160_87.cnf 4.66 7.96128 13.9 9.48 0.38 8.744 4.52 5000 5000 
geffe160_88.cnf 14.564 17.1305 20.6 10.34 8.38 4.776 1.064 5000 5000 
geffe160_89.cnf 10.744 28.7691 28.9 9.676 8.164 0.46 6.124 5000 5000 
geffe160_9.cnf 6.324 8.82377 6.7 6.2 2.464 0.072 0.54 5000 5000 
geffe160_90.cnf 8.904 15.0918 18.8 11.08 8.86 5.36 3.628 5000 5000 
geffe160_91.cnf 3.984 9.57971 8.1 4.028 2.9 1.836 3.416 5000 5000 
geffe160_92.cnf 5.436 17.1826 20.7 4.916 5.32 6.616 5.044 5000 5000 
geffe160_93.cnf 9.664 8.77724 18.3 9.568 11.788 8.204 4.368 5000 5000 
geffe160_94.cnf 4.428 6.03349 25.2 8.888 4.616 5.68 4.756 5000 5000 
geffe160_95.cnf 6.736 18.5365 14.2 5.024 8.784 5.888 7.712 5000 5000 
geffe160_96.cnf 12.336 22.843 23.4 13.168 16.116 1.304 7.44 5000 5000 
geffe160_97.cnf 1.06 2.69001 7.8 8.044 6.504 5.124 4.368 5000 5000 
geffe160_98.cnf 5.584 11.1938 18 7.12 3.072 5.356 3.904 5000 5000 
geffe160_99.cnf 4.604 3.68112 13.7 7.436 4.676 6.548 1.528 5000 5000 