Instance abcdsat CryptoMiniSat5 Lingeling MapleCOMSPS MiniSat2.2 Riss6 Rokk CSSC DCCA
geffe128_0.cnf 47.368 123.932 94.9 3.256 7.496 24.68 23.556 5000 5000 
geffe128_1.cnf 1.132 17.5858 3.2 7.636 4.28 7.872 3.728 5000 5000 
geffe128_10.cnf 2.244 14.447 5.4 11.5 0.548 11.532 14.98 5000 5000 
geffe128_11.cnf 8.18 42.5576 10.8 9.128 23.544 2.14 17.532 5000 5000 
geffe128_12.cnf 17.32 21.3911 4.8 4.892 1.708 6.376 5.444 5000 5000 
geffe128_13.cnf 2.156 4.06391 17.2 10.824 1.832 1.336 13.904 5000 5000 
geffe128_14.cnf 20.636 2.11754 53.3 52.028 3.952 17.28 11.036 5000 5000 
geffe128_15.cnf 3.308 17.6962 12 15.292 5.208 40.108 22.328 5000 5000 
geffe128_16.cnf 2.2 6.10333 23 35.408 0.568 5.088 10.552 5000 5000 
geffe128_17.cnf 21.272 33.0735 0.2 37.744 5.868 11.644 12.624 5000 5000 
geffe128_18.cnf 1.836 2.6423 1 6.3 1.496 1.572 0.288 5000 5000 
geffe128_19.cnf 4.124 12.5412 12.1 15.6 5.752 6.076 9.724 5000 5000 
geffe128_2.cnf 32.68 23.3527 30.1 2.468 8.652 21.608 17.016 5000 5000 
geffe128_20.cnf 9.888 26.2252 34.7 23.332 7.32 14.904 31.28 5000 5000 
geffe128_21.cnf 16.492 66.9294 27.5 53.032 3.976 7.692 8.612 5000 5000 
geffe128_22.cnf 34.932 7.73743 3.3 68.188 5.448 17.792 11.196 5000 5000 
geffe128_23.cnf 9.984 7.45673 4.7 17.468 19.52 4.54 16.6 5000 5000 
geffe128_24.cnf 2.508 21.0486 4.8 25.992 5.892 3.616 16.752 5000 5000 
geffe128_25.cnf 26.024 15.9641 15.3 28.248 0.588 13.684 9.8 5000 5000 
geffe128_26.cnf 12.06 20.1212 9.7 15.184 3.844 4.884 3.472 5000 5000 
geffe128_27.cnf 0.904 42.9093 15.1 12.928 19.8 6.076 12.168 5000 5000 
geffe128_28.cnf 11.88 9.822 6.5 2.172 9.744 1.84 9.344 5000 5000 
geffe128_29.cnf 13.256 4.24702 11.3 17.032 1.776 10.512 7.8 5000 5000 
geffe128_3.cnf 9.18 22.9015 47.3 20.28 28.56 6.98 22.216 5000 5000 
geffe128_30.cnf 1.7 37.8133 37.6 0.332 31.348 31.048 27.82 5000 5000 
geffe128_31.cnf 15.432 32.0342 49.9 47.024 3.272 6.904 21.768 5000 5000 
geffe128_32.cnf 2.284 33.498 26.3 14.952 15.324 6.876 7.92 5000 5000 
geffe128_33.cnf 1.224 15.9816 20.4 24.368 6.284 3.74 3.904 5000 5000 
geffe128_34.cnf 10.82 3.25398 9.3 6.916 2.124 5.088 7.14 5000 5000 
geffe128_35.cnf 7.184 43.0316 6.6 0.448 15.608 3.284 26.284 5000 5000 
geffe128_36.cnf 18.492 15.395 46.6 9.228 1.896 16.12 14.376 5000 5000 
geffe128_37.cnf 16.764 24.1431 19.8 16.712 14.892 13.128 12.608 5000 5000 
geffe128_38.cnf 25.024 3.17409 11.7 11.752 2.62 21.848 5.656 5000 5000 
geffe128_39.cnf 6.268 19.1324 14.2 31.1 4.684 8.148 3.828 5000 5000 
geffe128_4.cnf 1.46 34.2698 6.5 12.536 2.96 10.568 7.976 5000 5000 
geffe128_40.cnf 5.832 7.49724 1.1 21.212 5.808 1.344 2.768 5000 5000 
geffe128_41.cnf 12.936 21.5265 14 25.024 8.608 7.604 1.424 5000 5000 
geffe128_42.cnf 9.372 9.56462 8.4 31.2 14.048 7.06 0.692 5000 5000 
geffe128_43.cnf 3.508 18.0303 9.8 33.768 3.764 1.156 11.516 5000 5000 
geffe128_44.cnf 1.988 7.82942 38.3 46.248 16.86 24.912 29.276 5000 5000 
geffe128_45.cnf 4.896 41.8098 39.8 32.64 39.028 6.868 4.76 5000 5000 
geffe128_46.cnf 0.656 3.5929 11.2 15.932 7.66 7.292 7.064 5000 5000 
geffe128_47.cnf 1.64 25.7644 28.3 19.264 19.136 23.7 1.372 5000 5000 
geffe128_48.cnf 2.544 19.6743 2.1 16.72 13.484 3.376 7.096 5000 5000 
geffe128_49.cnf 2.624 15.6878 10.8 9.3 0.244 2.856 6.54 5000 5000 
geffe128_5.cnf 13.224 28.4497 15.1 18.38 9.188 8.792 61.568 5000 5000 
geffe128_50.cnf 5.3 11.9281 4.7 10.48 5.996 6.352 6.92 5000 5000 
geffe128_51.cnf 1.432 2.9167 8.1 4.4 4.6 4.324 5.008 5000 5000 
geffe128_52.cnf 11.012 89.7413 10.9 21.056 10.348 7.748 20.632 5000 5000 
geffe128_53.cnf 5.252 16.3689 16.4 20.436 6.008 4.604 8.072 5000 5000 
geffe128_54.cnf 9.028 1.15558 31.1 16.2 6.74 41.472 2.504 5000 5000 
geffe128_55.cnf 1.956 4.42805 8 13.48 2.428 7.312 10.968 5000 5000 
geffe128_56.cnf 13.7 43.4852 39 44.268 30.092 16.588 31.4 5000 5000 
geffe128_57.cnf 4.8 33.1175 2.3 24.664 4.952 4.312 13.02 5000 5000 
geffe128_58.cnf 24.156 25.5916 13.6 40.86 9.66 0.148 9.928 5000 5000 
geffe128_59.cnf 3.592 9.49987 1.9 6.756 5.188 2.72 5.056 5000 5000 
geffe128_6.cnf 10.736 23.0362 2.6 9.096 5.636 4.564 8.028 5000 5000 
geffe128_60.cnf 1.388 13.2192 2.7 18.088 4.532 6.34 3.356 5000 5000 
geffe128_61.cnf 3.164 16.8411 8.7 35.112 5.836 4.372 9.824 5000 5000 
geffe128_62.cnf 3.956 4.36048 19.6 12.396 3.44 6.428 12.132 5000 5000 
geffe128_63.cnf 0.616 8.10705 3.4 14.236 4.608 6.928 8.24 5000 5000 
geffe128_64.cnf 7.172 8.92452 11.5 11.032 3.52 4.176 6.116 5000 5000 
geffe128_65.cnf 13.076 0.602837 15.5 31.204 0.588 3.284 13.172 5000 5000 
geffe128_66.cnf 18.112 10.6226 1.8 13.44 6.804 8.86 2.508 5000 5000 
geffe128_67.cnf 10.152 47.7368 15.4 10.464 14.156 14.916 30.464 5000 5000 
geffe128_68.cnf 14.892 11.7191 28.4 24.008 3.344 16.948 1.536 5000 5000 
geffe128_69.cnf 3.212 1.55556 10.2 35.084 13.576 5.42 10.62 5000 5000 
geffe128_7.cnf 14.804 6.14381 14.1 13.888 0.384 6.068 6.496 5000 5000 
geffe128_70.cnf 12.468 24.7186 6.1 9.516 10.068 2.096 4.54 5000 5000 
geffe128_71.cnf 21.392 27.3247 32.6 56.476 6.844 0.576 14.292 5000 5000 
geffe128_72.cnf 5.4 19.3796 9.2 15.168 5.728 2.524 6.808 5000 5000 
geffe128_73.cnf 12.988 13.2804 13.1 7.156 2.02 0.052 2.784 5000 5000 
geffe128_74.cnf 11.468 25.2197 40.7 30.792 1.66 8.044 2.644 5000 5000 
geffe128_75.cnf 5.716 6.01245 6.4 3.72 8.064 4.768 22.716 5000 5000 
geffe128_76.cnf 18.184 33.0918 17.4 6.308 6.164 0.872 12.66 5000 5000 
geffe128_77.cnf 4.552 6.01301 11.4 5.196 17.36 0.296 8.372 5000 5000 
geffe128_78.cnf 11.192 91.2336 6.3 57.436 15.796 3.916 25.9 5000 5000 
geffe128_79.cnf 20.692 38.0004 12.1 60.268 18.832 5.588 6.992 5000 5000 
geffe128_8.cnf 6.592 16.8495 9.2 9.2 1.32 1.392 0.16 5000 5000 
geffe128_80.cnf 7.228 16.0225 15.7 4.896 1.984 8.136 8.94 5000 5000 
geffe128_81.cnf 7.996 36.9176 8.1 50.068 5.036 1.092 4.44 5000 5000 
geffe128_82.cnf 18.04 11.1521 65 58.276 14.252 24.884 7.916 5000 5000 
geffe128_83.cnf 20.732 2.55608 24.5 13.772 6.208 14.916 12.824 5000 5000 
geffe128_84.cnf 1.96 15.1531 2.9 22.224 4.808 0.24 11.98 5000 5000 
geffe128_85.cnf 29.636 15.6585 6.3 21.936 2.224 2.852 2.556 5000 5000 
geffe128_86.cnf 5.104 15.2979 7.3 7.976 6.124 10.856 7.152 5000 5000 
geffe128_87.cnf 11.06 34.7204 6.7 8.364 13.832 14.284 12.664 5000 5000 
geffe128_88.cnf 3.792 14.9829 3.4 10.324 7.84 3.032 0.924 5000 5000 
geffe128_89.cnf 6.52 10.4288 28.8 10.768 7.432 1.612 1.368 5000 5000 
geffe128_9.cnf 20.26 20.1675 4.4 6.612 4.916 3.096 9.12 5000 5000 
geffe128_90.cnf 14.096 4.80605 17 14.772 3.216 1.364 7.624 5000 5000 
geffe128_91.cnf 5.8 5.15747 2.2 14.248 7.952 7.54 1.96 5000 5000 
geffe128_92.cnf 6.288 7.45316 16.2 19.544 8.24 10.92 3.424 5000 5000 
geffe128_93.cnf 5.56 14.8902 7.3 14.008 3.776 1.704 6.28 5000 5000 
geffe128_94.cnf 8.452 30.7723 33.8 15.16 3.856 10.4 0.392 5000 5000 
geffe128_95.cnf 32.956 45.6412 29.8 17.88 6.032 9.428 17.716 5000 5000 
geffe128_96.cnf 39.472 37.8902 11.7 20.872 11.208 9.04 99.94 5000 5000 
geffe128_97.cnf 3.664 9.82575 19.9 47.78 15.632 0.916 6.576 5000 5000 
geffe128_98.cnf 7.592 6.93545 4.9 12.656 6.316 2.48 2.7 5000 5000 
geffe128_99.cnf 7.58 23.1891 11.3 25.96 2.284 13.716 5.828 5000 5000 
