Instance abcdsat CryptoMiniSat5 Lingeling MapleCOMSPS MiniSat2.2 Riss6 Rokk CSSC DCCA
geffe160_0.cnf 4.988 22.322 21.4 5.588 7.252 16.788 9.008 5000 5000 
geffe160_1.cnf 5.568 8.7641 10.5 4.816 5.512 3.532 4.728 5000 5000 
geffe160_10.cnf 7.512 20.819 28 15.98 8.208 17.76 13.164 5000 5000 
geffe160_11.cnf 3.132 13.869 4.7 3.84 0.56 2.404 1.024 5000 5000 
geffe160_12.cnf 5.26 16.8325 14.3 10.468 4.772 5.356 3.896 5000 5000 
geffe160_13.cnf 6.464 14.4752 10.9 6.556 1.184 4.8 3.376 5000 5000 
geffe160_14.cnf 10.876 32.234 38.2 5.112 9.076 22.032 14.948 5000 5000 
geffe160_15.cnf 1.012 2.37624 9.5 4.388 0.632 1.884 1.124 5000 5000 
geffe160_16.cnf 3.576 9.98048 10.7 10.2 6.484 5.844 4.928 5000 5000 
geffe160_17.cnf 3.28 2.91211 6.5 2.96 1.224 1.92 1.688 5000 5000 
geffe160_18.cnf 6.496 9.99311 11.1 6.592 3.168 6.528 2.7 5000 5000 
geffe160_19.cnf 12.48 16.1491 24.2 11.068 8.452 18.316 7.228 5000 5000 
geffe160_2.cnf 0.992 0.325208 5.8 2.588 0.492 0.452 2.788 5000 5000 
geffe160_20.cnf 9.2 15.6022 17.3 4.012 5.036 6.188 2.648 5000 5000 
geffe160_21.cnf 12.876 17.291 44 12.588 19.688 22.628 2.212 5000 5000 
geffe160_22.cnf 1.92 0.508007 6.6 2.708 0.4 2.02 2.88 5000 5000 
geffe160_23.cnf 4.264 8.34877 12 5.94 3.956 3.368 3.624 5000 5000 
geffe160_24.cnf 5.872 17.0049 20.8 6.628 1.052 2.084 5.036 5000 5000 
geffe160_25.cnf 4.98 11.7599 12 3.56 8.14 5.244 0.68 5000 5000 
geffe160_26.cnf 4.288 5.50753 12.2 3.48 0.904 2.396 1.224 5000 5000 
geffe160_27.cnf 0.34 11.5595 17 7.66 0.632 4.76 0.804 5000 5000 
geffe160_28.cnf 3.096 14.8163 14.5 10.456 6.496 3.848 4.292 5000 5000 
geffe160_29.cnf 2.232 5.47967 5.7 5.744 1.16 5.112 4.82 5000 5000 
geffe160_3.cnf 1.292 2.73052 3.9 1.232 1.176 2.704 4.024 5000 5000 
geffe160_30.cnf 10.972 7.22437 17.6 8.652 8.636 1.248 5.148 5000 5000 
geffe160_31.cnf 6.832 6.25418 4.9 5.032 2.636 6.664 1.912 5000 5000 
geffe160_32.cnf 6.124 20.4676 20.7 13.168 20.164 27.076 5.64 5000 5000 
geffe160_33.cnf 3.544 18.4312 13.7 13.116 3.056 3.028 5.728 5000 5000 
geffe160_34.cnf 6.744 10.6629 8.3 6.584 2.24 8.332 4.428 5000 5000 
geffe160_35.cnf 1.052 1.13904 5.4 2.432 0.684 0.612 1.572 5000 5000 
geffe160_36.cnf 10.408 26.1131 28.4 23.704 21.548 19.432 17.22 5000 5000 
geffe160_37.cnf 6.548 23.3258 18.1 12.584 7.444 0.94 11.428 5000 5000 
geffe160_38.cnf 3.852 14.4397 14 5.688 0.964 4.644 3.756 5000 5000 
geffe160_39.cnf 10.38 22.7079 16.3 13.068 8.104 11.088 5.588 5000 5000 
geffe160_4.cnf 1.332 8.4451 6.8 4.26 2.404 2.408 2.856 5000 5000 
geffe160_40.cnf 3.34 2.26768 4.5 6.592 1.248 1.7 2.92 5000 5000 
geffe160_41.cnf 9.136 12.4736 4.6 10.052 16.756 0.9 2.288 5000 5000 
geffe160_42.cnf 7.904 18.5354 34.4 10.54 7.672 22.404 9.692 5000 5000 
geffe160_43.cnf 1.5 1.64986 5.4 2.816 0.888 12.688 2.42 5000 5000 
geffe160_44.cnf 7.964 20.7523 18.5 9.868 2.38 7.424 13.668 5000 5000 
geffe160_45.cnf 2.256 5.16883 6.8 0.472 2.248 2.728 2.716 5000 5000 
geffe160_46.cnf 2.824 6.2312 7.2 4.46 6.1 2.88 4.012 5000 5000 
geffe160_47.cnf 4.44 11.0288 11.7 6.444 3.192 4.62 5.984 5000 5000 
geffe160_48.cnf 6.012 11.8432 10.6 11.332 0.78 3.596 4.696 5000 5000 
geffe160_49.cnf 0.7 5.21753 8 2.884 3.268 8.376 5.372 5000 5000 
geffe160_5.cnf 7.712 10.3922 19.8 8.948 5.028 9.236 2.152 5000 5000 
geffe160_50.cnf 5.968 14.8964 20.7 11.82 6.352 5.216 4.004 5000 5000 
geffe160_51.cnf 11.588 17.3261 16.1 6.184 4.396 14.744 5.18 5000 5000 
geffe160_52.cnf 2.416 1.84119 2.5 0.392 0.908 0.08 1.548 5000 5000 
geffe160_53.cnf 10.624 17.5305 45.1 14.204 0.344 16.488 10.184 5000 5000 
geffe160_54.cnf 3.388 5.05275 3.9 4.432 2.4 2.884 0.668 5000 5000 
geffe160_55.cnf 6.628 21.6962 15.9 11.984 7.424 12.472 6.78 5000 5000 
geffe160_56.cnf 5.876 12.5633 18.1 15.996 4.904 9.992 6.292 5000 5000 
geffe160_57.cnf 14.364 21.0122 44.4 15.372 18.148 15.556 5.688 5000 5000 
geffe160_58.cnf 8.272 12.1438 8.7 8.816 6.008 3.884 5.78 5000 5000 
geffe160_59.cnf 5.872 12.5473 15.3 15.68 0.452 0.588 5.224 5000 5000 
geffe160_6.cnf 4.792 6.44112 6.6 3.156 1.804 1.252 2.592 5000 5000 
geffe160_60.cnf 11.692 22.9036 44 0.644 16.24 14.5 16.564 5000 5000 
geffe160_61.cnf 6.388 19.1438 17.3 9.984 6.228 5.892 10.444 5000 5000 
geffe160_62.cnf 5.752 8.40824 12.6 8.752 2.06 7.392 4.452 5000 5000 
geffe160_63.cnf 5.26 9.62247 11.2 3.172 1.32 5.796 5.48 5000 5000 
geffe160_64.cnf 1.148 2.90305 1.2 2.748 0.196 0.816 0.632 5000 5000 
geffe160_65.cnf 2.592 1.47256 6.8 3.656 1.132 0.032 2.584 5000 5000 
geffe160_66.cnf 5.808 9.47133 13.4 10.276 5.1 5.14 6.408 5000 5000 
geffe160_67.cnf 16.868 16.3615 49.7 22.412 6.948 37.316 14.04 5000 5000 
geffe160_68.cnf 3.396 4.02193 5.8 1.528 0.116 3.804 1.988 5000 5000 
geffe160_69.cnf 4.064 9.45623 6.6 6.816 4.304 7.76 7.396 5000 5000 
geffe160_7.cnf 8.124 14.9269 16.3 10.676 23.26 11.54 5.328 5000 5000 
geffe160_70.cnf 19.54 25.2929 37.7 30.424 15.492 17.532 19.444 5000 5000 
geffe160_71.cnf 7.736 14.7828 13.3 10.66 2.616 4.824 2.62 5000 5000 
geffe160_72.cnf 3.404 15.279 12.6 4.348 6.12 1.332 8.692 5000 5000 
geffe160_73.cnf 4.616 17.8771 22.1 1.468 3.128 13.644 7.008 5000 5000 
geffe160_74.cnf 6.752 14.8374 15.6 11.532 6.84 0.504 6.288 5000 5000 
geffe160_75.cnf 3.56 2.0003 9.4 7.008 2.432 8.852 3.084 5000 5000 
geffe160_76.cnf 7.432 13.6578 16.5 9.72 8.052 8.8 6.244 5000 5000 
geffe160_77.cnf 12.732 13.604 16.5 12.056 8.124 4.708 3.26 5000 5000 
geffe160_78.cnf 9.04 8.04056 9.5 5.46 1.36 6.972 2.516 5000 5000 
geffe160_79.cnf 15.112 23.0087 42.3 19.648 8.136 13.82 13.168 5000 5000 
geffe160_8.cnf 19.976 17.6663 22.5 11.492 12.04 12.248 11.804 5000 5000 
geffe160_80.cnf 4.804 6.32037 11.2 8.328 1.28 3.808 5.092 5000 5000 
geffe160_81.cnf 8.3 13.629 20.8 13.016 4.596 14.76 13.204 5000 5000 
geffe160_82.cnf 1.1 2.61563 3.4 2.46 1.124 1.268 0.788 5000 5000 
geffe160_83.cnf 3.928 10.2908 14.4 8.752 4.468 8.024 4.392 5000 5000 
geffe160_84.cnf 3.584 18.9095 21 2.824 15.252 4.768 2.96 5000 5000 
geffe160_85.cnf 21.04 30.9864 37.9 13.508 4.66 8.532 9.428 5000 5000 
geffe160_86.cnf 3.724 11.3522 11.1 5.64 2.068 4.596 6.144 5000 5000 
geffe160_87.cnf 4.66 7.96128 13.9 9.48 0.38 8.744 4.52 5000 5000 
geffe160_88.cnf 14.564 17.1305 20.6 10.34 8.38 4.776 1.064 5000 5000 
geffe160_89.cnf 10.744 28.7691 28.9 9.676 8.164 0.46 6.124 5000 5000 
geffe160_9.cnf 6.324 8.82377 6.7 6.2 2.464 0.072 0.54 5000 5000 
geffe160_90.cnf 8.904 15.0918 18.8 11.08 8.86 5.36 3.628 5000 5000 
geffe160_91.cnf 3.984 9.57971 8.1 4.028 2.9 1.836 3.416 5000 5000 
geffe160_92.cnf 5.436 17.1826 20.7 4.916 5.32 6.616 5.044 5000 5000 
geffe160_93.cnf 9.664 8.77724 18.3 9.568 11.788 8.204 4.368 5000 5000 
geffe160_94.cnf 4.428 6.03349 25.2 8.888 4.616 5.68 4.756 5000 5000 
geffe160_95.cnf 6.736 18.5365 14.2 5.024 8.784 5.888 7.712 5000 5000 
geffe160_96.cnf 12.336 22.843 23.4 13.168 16.116 1.304 7.44 5000 5000 
geffe160_97.cnf 1.06 2.69001 7.8 8.044 6.504 5.124 4.368 5000 5000 
geffe160_98.cnf 5.584 11.1938 18 7.12 3.072 5.356 3.904 5000 5000 
geffe160_99.cnf 4.604 3.68112 13.7 7.436 4.676 6.548 1.528 5000 5000 
